{
  "asset": {
    "version": "2.0",
    "generator": "GLTFExporter"
  },
  "scenes": [
    {
      "name": "AuxScene",
      "nodes": [
        28
      ]
    }
  ],
  "scene": 0,
  "nodes": [
    {
      "name": "SK_Chr_Kid_Ghost_01",
      "extras": {
        "transformData": {
          "inheritType": 1,
          "eulerOrder": "ZYX",
          "parentMatrixWorld": {
            "elements": [
              1,
              0,
              0,
              0,
              0,
              1,
              0,
              0,
              0,
              0,
              1,
              0,
              0.3841552734375,
              -58.33632732182741,
              2.8069586753845215,
              1
            ]
          }
        }
      },
      "mesh": 0,
      "skin": 0
    },
    {
      "translation": [
        3.738,
        6.153952732758987,
        10.102803890601544
      ],
      "name": "Eyes_Left",
      "extras": {
        "transformData": {
          "inheritType": 1,
          "eulerOrder": "ZYX",
          "translation": [
            3.738,
            6.153952732758987,
            10.102803890601544
          ],
          "parentMatrixWorld": {
            "elements": [
              6.661338147750939e-16,
              -5.551115123125783e-17,
              -0.9999999999999998,
              0,
              0.9873026263935851,
              0.15885063398151367,
              5.551115123125783e-16,
              0,
              0.1588506339815134,
              -0.987302626393585,
              3.3306690738754696e-16,
              0,
              7.552813749272659,
              -0.21566181236788395,
              -0.00009839011455632768,
              1
            ]
          }
        }
      }
    },
    {
      "translation": [
        -3.7381443470947127,
        6.1570453221466135,
        10.102984908962146
      ],
      "name": "Eyes_Right",
      "extras": {
        "transformData": {
          "inheritType": 1,
          "eulerOrder": "ZYX",
          "translation": [
            -3.7381443470947127,
            6.1570453221466135,
            10.102984908962146
          ],
          "parentMatrixWorld": {
            "elements": [
              6.661338147750939e-16,
              -5.551115123125783e-17,
              -0.9999999999999998,
              0,
              0.9873026263935851,
              0.15885063398151367,
              5.551115123125783e-16,
              0,
              0.1588506339815134,
              -0.987302626393585,
              3.3306690738754696e-16,
              0,
              7.552813749272659,
              -0.21566181236788395,
              -0.00009839011455632768,
              1
            ]
          }
        }
      }
    },
    {
      "translation": [
        3.738,
        7.614434627347592,
        10.128372752580287
      ],
      "name": "Eyebrow_Left",
      "extras": {
        "transformData": {
          "inheritType": 1,
          "eulerOrder": "ZYX",
          "translation": [
            3.738,
            7.614434627347592,
            10.128372752580287
          ],
          "parentMatrixWorld": {
            "elements": [
              6.661338147750939e-16,
              -5.551115123125783e-17,
              -0.9999999999999998,
              0,
              0.9873026263935851,
              0.15885063398151367,
              5.551115123125783e-16,
              0,
              0.1588506339815134,
              -0.987302626393585,
              3.3306690738754696e-16,
              0,
              7.552813749272659,
              -0.21566181236788395,
              -0.00009839011455632768,
              1
            ]
          }
        }
      }
    },
    {
      "translation": [
        -3.738,
        7.614434627347592,
        10.128372752580287
      ],
      "name": "Eyebrow_Right",
      "extras": {
        "transformData": {
          "inheritType": 1,
          "eulerOrder": "ZYX",
          "translation": [
            -3.738,
            7.614434627347592,
            10.128372752580287
          ],
          "parentMatrixWorld": {
            "elements": [
              6.661338147750939e-16,
              -5.551115123125783e-17,
              -0.9999999999999998,
              0,
              0.9873026263935851,
              0.15885063398151367,
              5.551115123125783e-16,
              0,
              0.1588506339815134,
              -0.987302626393585,
              3.3306690738754696e-16,
              0,
              7.552813749272659,
              -0.21566181236788395,
              -0.00009839011455632768,
              1
            ]
          }
        }
      }
    },
    {
      "rotation": [
        0.4585709776082888,
        0.5382496247052831,
        -0.4585709776082886,
        0.5382496247052835
      ],
      "translation": [
        7.552813749272659,
        -0.21566181236788395,
        -0.00009839011455632768
      ],
      "name": "head",
      "extras": {
        "transformData": {
          "inheritType": 1,
          "eulerOrder": "ZYX",
          "translation": [
            7.552813749272659,
            -0.21566181236788395,
            -0.00009839011455632768
          ],
          "preRotation": [
            80.85981078782045,
            89.99999999999997,
            0
          ],
          "parentMatrixWorld": {
            "elements": [
              0.09400163898549341,
              0.9952758622585487,
              -0.024282707294365824,
              0,
              -0.03637990722563193,
              -0.020940459500984103,
              -0.9991186113300771,
              0,
              -0.9949071284387783,
              0.09480218964449388,
              0.034239606018674706,
              0,
              9.359767353663301,
              -0.05731650764081131,
              0.0003396579816679424,
              1
            ]
          }
        }
      },
      "children": [
        1,
        2,
        3,
        4
      ]
    },
    {
      "rotation": [
        -0.51978420822198,
        -0.46119906100697117,
        0.4901985379757281,
        0.5261418025359668
      ],
      "translation": [
        9.359767353663301,
        -0.05731650764081131,
        0.0003396579816679424
      ],
      "scale": [
        1,
        0.9999999999999997,
        1
      ],
      "name": "neck_01",
      "extras": {
        "transformData": {
          "inheritType": 1,
          "eulerOrder": "ZYX",
          "translation": [
            9.359767353663301,
            -0.05731650764081131,
            0.0003396579816679424
          ],
          "preRotation": [
            2.525840238458802,
            88.62117894426146,
            -94.2480386974462
          ],
          "postRotation": [
            2.52584023845315,
            88.62117894426146,
            -89.464360154263
          ],
          "parentMatrixWorld": {
            "elements": [
              0.2215833805025722,
              -0.9748058236075157,
              -0.0255814727083023,
              0,
              -0.022645296535862555,
              -0.03137049398030677,
              0.999251261021088,
              0,
              -0.9748784519261131,
              -0.2208381723532074,
              -0.02902594704467009,
              0,
              9.265973823908169,
              1.6740983393724997,
              -0.00015461391499686523,
              1
            ]
          }
        }
      },
      "children": [
        5
      ]
    },
    {
      "rotation": [
        -0.04074193747334719,
        -0.0018599392044674346,
        0.9984850098689692,
        -0.03693670564679714
      ],
      "translation": [
        19.590557358770432,
        0.981913518548069,
        -0.311154355418068
      ],
      "scale": [
        0.9999999999999999,
        0.9999999999999999,
        1
      ],
      "name": "lowerarm_l",
      "extras": {
        "transformData": {
          "inheritType": 1,
          "eulerOrder": "ZYX",
          "translation": [
            19.590557358770432,
            0.981913518548069,
            -0.311154355418068
          ],
          "preRotation": [
            4.674797687032443,
            0.020182539194905487,
            -85.51441482208458
          ],
          "postRotation": [
            0,
            0,
            -90.24763663209535
          ],
          "parentMatrixWorld": {
            "elements": [
              -0.8872678571779876,
              0.0286806653060778,
              -0.4603619978412449,
              0,
              -0.02270134952233655,
              -0.9995707261045128,
              -0.018520589751990887,
              0,
              -0.46069555928904543,
              -0.0059818853631263096,
              0.8875380660562431,
              0,
              6.82825884358124,
              -0.35110721219173513,
              -2.1967894129108796,
              1
            ]
          }
        }
      }
    },
    {
      "rotation": [
        -0.237046832329754,
        -0.006306049025181103,
        0.9713877507641765,
        0.013223868323435434
      ],
      "translation": [
        6.82825884358124,
        -0.35110721219173513,
        -2.1967894129108796
      ],
      "scale": [
        0.9999999999999999,
        1,
        1
      ],
      "name": "UpperArm_L",
      "extras": {
        "transformData": {
          "inheritType": 1,
          "eulerOrder": "ZYX",
          "translation": [
            6.82825884358124,
            -0.35110721219173513,
            -2.1967894129108796
          ],
          "preRotation": [
            27.39033567720693,
            1.6201056048930096,
            -92.37936412092719
          ],
          "postRotation": [
            0,
            0,
            -88.78569852680305
          ],
          "parentMatrixWorld": {
            "elements": [
              0.0251389114881565,
              -0.46269886409708566,
              0.8861590129838196,
              0,
              -0.9989910830228224,
              -0.04462536885689516,
              0.005039096672428744,
              0,
              0.0372135885138568,
              -0.8853916295163697,
              -0.4633538725555972,
              0,
              4.519994057313156,
              -4.213908450441211,
              -8.830449973175607,
              1
            ]
          }
        }
      },
      "children": [
        7
      ]
    },
    {
      "rotation": [
        0.619095742373635,
        -0.590251978440256,
        0.3728714875171945,
        0.359569071972154
      ],
      "translation": [
        4.519994057313156,
        -4.213908450441211,
        -8.830449973175607
      ],
      "scale": [
        1,
        0.9999999999999998,
        0.9999999999999999
      ],
      "name": "clavicle_l",
      "extras": {
        "transformData": {
          "inheritType": 1,
          "eulerOrder": "ZYX",
          "translation": [
            4.519994057313156,
            -4.213908450441211,
            -8.830449973175607
          ],
          "preRotation": [
            61.3397046487897,
            180.56463337368692,
            3.463815275239945
          ],
          "postRotation": [
            -0.6628587118438318,
            1.0532709900940094,
            -89.33552886131008
          ],
          "parentMatrixWorld": {
            "elements": [
              0.2215833805025722,
              -0.9748058236075157,
              -0.0255814727083023,
              0,
              -0.022645296535862555,
              -0.03137049398030677,
              0.999251261021088,
              0,
              -0.9748784519261131,
              -0.2208381723532074,
              -0.02902594704467009,
              0,
              9.265973823908169,
              1.6740983393724997,
              -0.00015461391499686523,
              1
            ]
          }
        }
      },
      "children": [
        8
      ]
    },
    {
      "rotation": [
        -0.0406796108627595,
        -0.0029213187057994445,
        0.9991085494984154,
        -0.010896856255177839
      ],
      "translation": [
        -19.59368406884348,
        -0.9661942198846845,
        0.07015809210793256
      ],
      "scale": [
        1,
        1,
        0.9999999999999999
      ],
      "name": "lowerarm_r",
      "extras": {
        "transformData": {
          "inheritType": 1,
          "eulerOrder": "ZYX",
          "translation": [
            -19.59368406884348,
            -0.9661942198846845,
            0.07015809210793256
          ],
          "preRotation": [
            -4.6726918973280345,
            -0.14189762904456626,
            92.99686452706729
          ],
          "postRotation": [
            0,
            0,
            88.25867716532257
          ],
          "parentMatrixWorld": {
            "elements": [
              -0.887440459648452,
              0.019393748472737282,
              -0.4605141833853982,
              0,
              -0.014457946959961847,
              -0.9997940285717244,
              -0.014243180895590263,
              0,
              -0.46069555928904593,
              -0.005981885363142443,
              0.8875380660562426,
              0,
              -6.834308497538008,
              0.3554161728475549,
              2.1771967156492837,
              1
            ]
          }
        }
      }
    },
    {
      "rotation": [
        -0.23707356604387053,
        -0.005204926043781345,
        0.9714386952191604,
        0.00871174259356172
      ],
      "translation": [
        -6.834308497538008,
        0.3554161728475549,
        2.1771967156492837
      ],
      "name": "UpperArm_R",
      "extras": {
        "transformData": {
          "inheritType": 1,
          "eulerOrder": "ZYX",
          "translation": [
            -6.834308497538008,
            0.3554161728475549,
            2.1771967156492837
          ],
          "preRotation": [
            -27.39676618835859,
            -1.4976575916729513,
            87.8570142400051
          ],
          "postRotation": [
            0,
            0,
            91.48043465938886
          ],
          "parentMatrixWorld": {
            "elements": [
              0.0486079528044131,
              -0.46712883433990715,
              -0.8828521501658155,
              0,
              -0.9965636000025921,
              -0.08203403234189688,
              -0.011463362840027858,
              0,
              -0.06706905451873806,
              0.8803755276391819,
              -0.46951109918722306,
              0,
              4.519347670369214,
              -4.21480520396034,
              8.83035283341501,
              1
            ]
          }
        }
      },
      "children": [
        10
      ]
    },
    {
      "rotation": [
        0.6324857872580089,
        -0.5785475594194727,
        -0.3754713638715544,
        -0.3525134115446153
      ],
      "translation": [
        4.519347670369214,
        -4.21480520396034,
        8.83035283341501
      ],
      "scale": [
        1,
        1,
        0.9999999999999999
      ],
      "name": "clavicle_r",
      "extras": {
        "transformData": {
          "inheritType": 1,
          "eulerOrder": "ZYX",
          "translation": [
            4.519347670369214,
            -4.21480520396034,
            8.83035283341501
          ],
          "preRotation": [
            1.3986290142298659,
            118.01164589922514,
            95.94063822014634
          ],
          "parentMatrixWorld": {
            "elements": [
              0.2215833805025722,
              -0.9748058236075157,
              -0.0255814727083023,
              0,
              -0.022645296535862555,
              -0.03137049398030677,
              0.999251261021088,
              0,
              -0.9748784519261131,
              -0.2208381723532074,
              -0.02902594704467009,
              0,
              9.265973823908169,
              1.6740983393724997,
              -0.00015461391499686523,
              1
            ]
          }
        }
      },
      "children": [
        11
      ]
    },
    {
      "rotation": [
        0.5661227387960028,
        -0.44047476447629524,
        -0.44180345359477,
        0.5387919216816442
      ],
      "translation": [
        9.265973823908169,
        1.6740983393724997,
        -0.00015461391499686523
      ],
      "scale": [
        1,
        0.9999999999999999,
        0.9999999999999998
      ],
      "name": "spine_03",
      "extras": {
        "transformData": {
          "inheritType": 1,
          "eulerOrder": "ZYX",
          "translation": [
            9.265973823908169,
            1.6740983393724997,
            -0.00015461391499686523
          ],
          "preRotation": [
            93.57112301807715,
            -88.43584846538222,
            -170.71143208869995
          ],
          "postRotation": [
            -86.42887698192071,
            88.43584846538234,
            -176.5322253217893
          ],
          "parentMatrixWorld": {
            "elements": [
              0.18413252613589082,
              -0.9828712935793282,
              0.007696302782098374,
              0,
              0.019720129196594324,
              -0.004134440779814729,
              -0.9997969908455956,
              0,
              0.9827035816172063,
              0.18424691763266088,
              0.018621063868061505,
              0,
              11.762854940352568,
              1.8261915622994955,
              0.0000673334356775859,
              1
            ]
          }
        }
      },
      "children": [
        6,
        9,
        12
      ]
    },
    {
      "rotation": [
        -0.5407508444393878,
        0.4452841702823695,
        -0.45788180202754986,
        0.5474073321632024
      ],
      "translation": [
        11.762854940352568,
        1.8261915622994955,
        0.0000673334356775859
      ],
      "scale": [
        1,
        0.9999999999999999,
        1
      ],
      "name": "Spine_02",
      "extras": {
        "transformData": {
          "inheritType": 1,
          "eulerOrder": "ZYX",
          "translation": [
            11.762854940352568,
            1.8261915622994955,
            0.0000673334356775859
          ],
          "preRotation": [
            0,
            89.56710371302148,
            -79.82195468054152
          ],
          "postRotation": [
            179.99999999999088,
            -89.56710371302141,
            91.07030238055238
          ],
          "parentMatrixWorld": {
            "elements": [
              0.20331603115297575,
              -0.9790464598849884,
              0.01142894845878045,
              0,
              -0.018795919984294803,
              0.007767836377898794,
              0.9997931656647538,
              0,
              -0.9789327376628826,
              -0.20348879601756334,
              -0.016822753257905273,
              0,
              7.915646403490825,
              -0.6564369273807191,
              4.597275311450457e-14,
              1
            ]
          }
        }
      },
      "children": [
        13
      ]
    },
    {
      "rotation": [
        0.5505385881191668,
        -0.4531209988741496,
        -0.43934422131491047,
        0.5464112723656444
      ],
      "translation": [
        7.915646403490825,
        -0.6564369273807191,
        4.597275311450457e-14
      ],
      "scale": [
        0.9999999999999998,
        0.9999999999999998,
        0.9999999999999999
      ],
      "name": "spine_01",
      "extras": {
        "transformData": {
          "inheritType": 1,
          "eulerOrder": "ZYX",
          "translation": [
            7.915646403490825,
            -0.6564369273807191,
            4.597275311450457e-14
          ],
          "preRotation": [
            180,
            -89.3339949434677,
            102.39767174989485
          ],
          "postRotation": [
            -1.3032652436771124e-11,
            89.33399494346767,
            -90.95630508156736
          ],
          "parentMatrixWorld": {
            "elements": [
              0.026743912126352076,
              0.15658486163191998,
              0.98730235706793,
              0,
              0.9993569328841085,
              -0.02778639592367726,
              -0.022663558812323344,
              0,
              0.023884803969154815,
              0.9872735676140045,
              -0.15722728398744887,
              0,
              0,
              54.36813735961914,
              0,
              1
            ]
          }
        }
      },
      "children": [
        14
      ]
    },
    {
      "rotation": [
        -0.0027108209943037523,
        0.7044322573120108,
        -0.002690191849948782,
        0.7097609521350497
      ],
      "translation": [
        5.838498424399382,
        0.024024000604301765,
        0.005632620873599059
      ],
      "scale": [
        0.9999999999999998,
        1,
        1
      ],
      "name": "toes_r",
      "extras": {
        "transformData": {
          "inheritType": 1,
          "eulerOrder": "ZYX",
          "translation": [
            5.838498424399382,
            0.024024000604301765,
            0.005632620873599059
          ],
          "preRotation": [
            179.9999999999996,
            -89.56232018137631,
            89.22766681339753
          ],
          "postRotation": [
            89.22768934477857,
            -0.005899581576111468,
            179.5623599432815
          ],
          "parentMatrixWorld": {
            "elements": [
              -0.5266964262286956,
              0.8494049926288506,
              -0.033196883816139826,
              0,
              -0.0019209075042362909,
              0.03786330799404602,
              0.9992810815892134,
              0,
              0.8500512835778088,
              0.526381542614224,
              -0.018310840581183818,
              0,
              10.175772305361935,
              -0.8909681302015127,
              0.007069872348443695,
              1
            ]
          }
        }
      }
    },
    {
      "rotation": [
        0.3368052502405664,
        0.6290609220902069,
        0.6063254649224016,
        0.35101853269598404
      ],
      "translation": [
        10.175772305361935,
        -0.8909681302015127,
        0.007069872348443695
      ],
      "scale": [
        0.9999999999999999,
        0.9999999999999999,
        1
      ],
      "name": "ball_r",
      "extras": {
        "transformData": {
          "inheritType": 1,
          "eulerOrder": "ZYX",
          "translation": [
            10.175772305361935,
            -0.8909681302015127,
            0.007069872348443695
          ],
          "preRotation": [
            153.17078074725515,
            -88.60141333149156,
            149.87472051402867
          ],
          "postRotation": [
            153.17078074725652,
            -88.60141333149177,
            118.54431095806177
          ],
          "parentMatrixWorld": {
            "elements": [
              -0.8574729655920258,
              -0.5051110131697164,
              -0.09799478380750117,
              0,
              -0.009936844901804963,
              0.20667662505050297,
              -0.9783588461148246,
              0,
              0.5144330591945019,
              -0.83794250222339,
              -0.18223882839666714,
              0,
              18.347627020578958,
              0.8874218034716508,
              0.009901513204783718,
              1
            ]
          }
        }
      },
      "children": [
        16
      ]
    },
    {
      "rotation": [
        -0.17182057338553652,
        0.7493978280992006,
        -0.6059202736633046,
        0.20430665130008013
      ],
      "translation": [
        18.347627020578958,
        0.8874218034716508,
        0.009901513204783718
      ],
      "scale": [
        0.9999999999999999,
        0.9999999999999999,
        0.9999999999999998
      ],
      "name": "Foot_R",
      "extras": {
        "transformData": {
          "inheritType": 1,
          "eulerOrder": "ZYX",
          "translation": [
            18.347627020578958,
            0.8874218034716508,
            0.009901513204783718
          ],
          "preRotation": [
            -125.27271250093483,
            80.12896432224547,
            85.94166908411141
          ],
          "postRotation": [
            4.408449578443019e-11,
            -89.68471449024732,
            -92.43544921695543
          ],
          "parentMatrixWorld": {
            "elements": [
              0.12528111304144474,
              0.02509432932076306,
              0.9918038704053529,
              0,
              0.004080125137754129,
              0.999658579865392,
              -0.025808453660917007,
              0,
              -0.9921128944298412,
              0.007279995703880951,
              0.12513595154308954,
              0,
              24.36483907600522,
              -0.14723573851481753,
              0.24432455352461546,
              1
            ]
          }
        }
      },
      "children": [
        17
      ]
    },
    {
      "rotation": [
        -0.011029297722011078,
        -0.6612944720925878,
        0.00700461698190405,
        0.7500126073023584
      ],
      "translation": [
        24.36483907600522,
        -0.14723573851481753,
        0.24432455352461546
      ],
      "scale": [
        1,
        0.9999999999999999,
        1
      ],
      "name": "calf_r",
      "extras": {
        "transformData": {
          "inheritType": 1,
          "eulerOrder": "ZYX",
          "translation": [
            24.36483907600522,
            -0.14723573851481753,
            0.24432455352461546
          ],
          "preRotation": [
            178.912927234317,
            1.4522638129425474,
            88.33913876774933
          ],
          "postRotation": [
            179.9999999999995,
            81.75841186395651,
            88.57320983806879
          ],
          "parentMatrixWorld": {
            "elements": [
              -0.9843118469984171,
              -0.17345471495254208,
              -0.03230556793027438,
              0,
              0.027812450428177062,
              0.028272665614417766,
              -0.9992132525043069,
              0,
              0.1742316144095135,
              -0.9844359391244247,
              -0.023004919049345318,
              0,
              -3.3052912356964583,
              -2.586324670225695,
              -6.5922517776489284,
              1
            ]
          }
        }
      },
      "children": [
        18
      ]
    },
    {
      "rotation": [
        -0.05104019601380463,
        0.7133704212508009,
        -0.6951680124859483,
        0.07238076327080263
      ],
      "translation": [
        -3.3052912356964583,
        -2.586324670225695,
        -6.5922517776489284
      ],
      "scale": [
        1,
        0.9999999999999999,
        1
      ],
      "name": "Thigh_R",
      "extras": {
        "transformData": {
          "inheritType": 1,
          "eulerOrder": "ZYX",
          "translation": [
            -3.3052912356964583,
            -2.586324670225695,
            -6.5922517776489284
          ],
          "preRotation": [
            -67.89783455131142,
            86.37832983050566,
            30.73497445895512
          ],
          "postRotation": [
            179.99999999999966,
            1.3642469184614605,
            91.53627539469149
          ],
          "parentMatrixWorld": {
            "elements": [
              0.026743912126352076,
              0.15658486163191998,
              0.98730235706793,
              0,
              0.9993569328841085,
              -0.02778639592367726,
              -0.022663558812323344,
              0,
              0.023884803969154815,
              0.9872735676140045,
              -0.15722728398744887,
              0,
              0,
              54.36813735961914,
              0,
              1
            ]
          }
        }
      },
      "children": [
        19
      ]
    },
    {
      "rotation": [
        -0.011267167138694072,
        0.7188427069805626,
        -0.01163857279504307,
        0.6949839977933451
      ],
      "translation": [
        -5.836382237689252,
        -0.15907033521540415,
        0.0034256060607198435
      ],
      "scale": [
        1,
        0.9999999999999999,
        1
      ],
      "name": "toes_l",
      "extras": {
        "transformData": {
          "inheritType": 1,
          "eulerOrder": "ZYX",
          "translation": [
            -5.836382237689252,
            -0.15907033521540415,
            0.0034256060607198435
          ],
          "preRotation": [
            0,
            -88.14211528888016,
            87.66516825722628
          ],
          "postRotation": [
            -92.33360571796264,
            -0.07567554003451823,
            178.14365660061793
          ],
          "parentMatrixWorld": {
            "elements": [
              0.5240508207190152,
              -0.8515355486832067,
              -0.01606071706109424,
              0,
              0.009246517400602948,
              0.024544878598674377,
              -0.9996559662456562,
              0,
              0.8516368000619083,
              0.523722023847925,
              0.02073650204221511,
              0,
              -10.193663457680934,
              0.6552859594156759,
              0.006467274063585826,
              1
            ]
          }
        }
      }
    },
    {
      "rotation": [
        -0.6080233219371864,
        0.3463226659624821,
        -0.34356251349809885,
        0.6263649498016123
      ],
      "translation": [
        -10.193663457680934,
        0.6552859594156759,
        0.006467274063585826
      ],
      "scale": [
        0.9999999999999999,
        0.9999999999999999,
        1
      ],
      "name": "ball_l",
      "extras": {
        "transformData": {
          "inheritType": 1,
          "eulerOrder": "ZYX",
          "translation": [
            -10.193663457680934,
            0.6552859594156759,
            0.006467274063585826
          ],
          "preRotation": [
            -89.73638225687655,
            -89.07537472805662,
            -148.66959044401676
          ],
          "postRotation": [
            -89.73638225686335,
            -89.07537472805726,
            -179.9999999999632
          ],
          "parentMatrixWorld": {
            "elements": [
              0.8486123490523265,
              0.5237293397931625,
              0.07459664654466862,
              0,
              -0.005037511924059824,
              -0.13300389839729612,
              0.9911027123788619,
              0,
              0.5289912140192001,
              -0.8414377824004219,
              -0.11023045785785834,
              0,
              -18.363007867913474,
              -0.46813926063467637,
              0.06180986264278321,
              1
            ]
          }
        }
      },
      "children": [
        21
      ]
    },
    {
      "rotation": [
        0.7231608924208155,
        0.17931411712985376,
        0.2086630606307158,
        0.6335175595035176
      ],
      "translation": [
        -18.363007867913474,
        -0.46813926063467637,
        0.06180986264278321
      ],
      "scale": [
        0.9999999999999999,
        1.0000000000000002,
        1
      ],
      "name": "Foot_L",
      "extras": {
        "transformData": {
          "inheritType": 1,
          "eulerOrder": "ZYX",
          "translation": [
            -18.363007867913474,
            -0.46813926063467637,
            0.06180986264278321
          ],
          "preRotation": [
            63.940732122862485,
            80.8342185521874,
            94.64840249128534
          ],
          "postRotation": [
            -5.5046489005789,
            -88.71268968767217,
            93.69478898484621
          ],
          "parentMatrixWorld": {
            "elements": [
              -0.10326652101945633,
              -0.023349852933882035,
              -0.9943796106138263,
              0,
              -0.029828424399669172,
              -0.9992020766620707,
              0.026560781088653715,
              0,
              -0.9942063622479851,
              0.03240361649835161,
              0.10248763292932606,
              0,
              -24.358520631000165,
              0.1573717929392604,
              0.6037075763220225,
              1
            ]
          }
        }
      },
      "children": [
        22
      ]
    },
    {
      "rotation": [
        -0.6695983726670205,
        0.01985454247810569,
        0.7424547512493359,
        0.002181470135010108
      ],
      "translation": [
        -24.358520631000165,
        0.1573717929392604,
        0.6037075763220225
      ],
      "scale": [
        1,
        0.9999999999999999,
        1
      ],
      "name": "calf_l",
      "extras": {
        "transformData": {
          "inheritType": 1,
          "eulerOrder": "ZYX",
          "translation": [
            -24.358520631000165,
            0.1573717929392604,
            0.6037075763220225
          ],
          "preRotation": [
            -2.277790012387661,
            1.5307262029813193,
            88.50928965937514
          ],
          "postRotation": [
            1.1940585854066095e-13,
            81.83185052638791,
            89.78071461465062
          ],
          "parentMatrixWorld": {
            "elements": [
              -0.988325452765204,
              -0.14934403463764614,
              0.030152259195697573,
              0,
              0.029813801042093985,
              0.004505108436759663,
              0.9995453172645027,
              0,
              -0.14941196968073683,
              0.9887750317014092,
              -6.661338147750939e-15,
              0,
              -3.3052912356965294,
              -2.58632467022562,
              6.592251777648923,
              1
            ]
          }
        }
      },
      "children": [
        23
      ]
    },
    {
      "rotation": [
        -0.04233626931498284,
        0.7058382536392404,
        0.7042407870054882,
        -0.06359963771820844
      ],
      "translation": [
        -3.3052912356965294,
        -2.58632467022562,
        6.592251777648923
      ],
      "scale": [
        0.9999999999999999,
        0.9999999999999999,
        1
      ],
      "name": "Thigh_L",
      "extras": {
        "transformData": {
          "inheritType": 1,
          "eulerOrder": "ZYX",
          "translation": [
            -3.3052912356965294,
            -2.58632467022562,
            6.592251777648923
          ],
          "preRotation": [
            90.00000000001234,
            88.2266017396887,
            -171.40714911111303
          ],
          "postRotation": [
            0,
            0,
            89.95446081822305
          ],
          "parentMatrixWorld": {
            "elements": [
              0.026743912126352076,
              0.15658486163191998,
              0.98730235706793,
              0,
              0.9993569328841085,
              -0.02778639592367726,
              -0.022663558812323344,
              0,
              0.023884803969154815,
              0.9872735676140045,
              -0.15722728398744887,
              0,
              0,
              54.36813735961914,
              0,
              1
            ]
          }
        }
      },
      "children": [
        24
      ]
    },
    {
      "rotation": [
        0.5503993077842391,
        0.5250468969381258,
        0.45929707156966404,
        -0.45872928623950576
      ],
      "translation": [
        0,
        54.36813735961914,
        0
      ],
      "scale": [
        1,
        0.9999999999999999,
        0.9999999999999998
      ],
      "name": "Pelvis",
      "extras": {
        "transformData": {
          "inheritType": 1,
          "eulerOrder": "ZYX",
          "translation": [
            0,
            54.36813735961914,
            0
          ],
          "preRotation": [
            -10.253847533294254,
            1.2765223071331508,
            0.09736931698334304
          ],
          "postRotation": [
            -14.61611612733392,
            -88.71977017072543,
            -77.04596523290874
          ],
          "parentMatrixWorld": {
            "elements": [
              1,
              0,
              0,
              0,
              0,
              1,
              0,
              0,
              0,
              0,
              1,
              0,
              0,
              0,
              0,
              1
            ]
          }
        }
      },
      "children": [
        15,
        20,
        25
      ]
    },
    {
      "name": "Root",
      "extras": {
        "transformData": {
          "inheritType": 1,
          "eulerOrder": "ZYX",
          "parentMatrixWorld": {
            "elements": [
              1,
              0,
              0,
              0,
              0,
              1,
              0,
              0,
              0,
              0,
              1,
              0,
              0.3841552734375,
              -58.33632732182741,
              2.8069586753845215,
              1
            ]
          }
        }
      },
      "children": [
        26
      ]
    },
    {
      "translation": [
        0.3841552734375,
        -58.33632732182741,
        2.8069586753845215
      ],
      "children": [
        0,
        27
      ]
    }
  ],
  "bufferViews": [
    {
      "buffer": 0,
      "byteOffset": 0,
      "byteLength": 28008,
      "target": 34962,
      "byteStride": 12
    },
    {
      "buffer": 0,
      "byteOffset": 28008,
      "byteLength": 18672,
      "target": 34962,
      "byteStride": 8
    },
    {
      "buffer": 0,
      "byteOffset": 46680,
      "byteLength": 37344,
      "target": 34962,
      "byteStride": 16
    },
    {
      "buffer": 0,
      "byteOffset": 84024,
      "byteLength": 28008,
      "target": 34962,
      "byteStride": 12
    },
    {
      "buffer": 0,
      "byteOffset": 112032,
      "byteLength": 18672,
      "target": 34962,
      "byteStride": 8
    },
    {
      "buffer": 0,
      "byteOffset": 130704,
      "byteLength": 18672,
      "target": 34962,
      "byteStride": 8
    },
    {
      "buffer": 0,
      "byteOffset": 149376,
      "byteLength": 1664
    }
  ],
  "buffers": [
    {
      "byteLength": 151040,
