{
  "asset": {
    "version": "2.0",
    "generator": "GLTFExporter"
  },
  "scenes": [
    {
      "name": "AuxScene",
      "nodes": [
        53
      ]
    }
  ],
  "scene": 0,
  "nodes": [
    {
      "translation": [
        3.738,
        6.153952732758987,
        10.102803890601544
      ],
      "name": "Eyes_Left",
      "extras": {
        "name": "Eyes_Left",
        "transformData": {
          "inheritType": 1,
          "eulerOrder": "ZYX",
          "translation": [
            3.738,
            6.153952732758987,
            10.102803890601544
          ],
          "parentMatrixWorld": {
            "elements": [
              6.661338147750939e-16,
              -5.551115123125783e-17,
              -0.9999999999999998,
              0,
              0.9873026263935851,
              0.15885063398151367,
              5.551115123125783e-16,
              0,
              0.1588506339815134,
              -0.987302626393585,
              3.3306690738754696e-16,
              0,
              7.552813749272659,
              -0.21566181236788395,
              -0.00009839011455632768,
              1
            ]
          }
        }
      }
    },
    {
      "translation": [
        -3.7381443470947127,
        6.1570453221466135,
        10.102984908962146
      ],
      "name": "Eyes_Right",
      "extras": {
        "name": "Eyes_Right",
        "transformData": {
          "inheritType": 1,
          "eulerOrder": "ZYX",
          "translation": [
            -3.7381443470947127,
            6.1570453221466135,
            10.102984908962146
          ],
          "parentMatrixWorld": {
            "elements": [
              6.661338147750939e-16,
              -5.551115123125783e-17,
              -0.9999999999999998,
              0,
              0.9873026263935851,
              0.15885063398151367,
              5.551115123125783e-16,
              0,
              0.1588506339815134,
              -0.987302626393585,
              3.3306690738754696e-16,
              0,
              7.552813749272659,
              -0.21566181236788395,
              -0.00009839011455632768,
              1
            ]
          }
        }
      }
    },
    {
      "translation": [
        3.738,
        7.614434627347592,
        10.128372752580287
      ],
      "name": "Eyebrow_Left",
      "extras": {
        "name": "Eyebrow_Left",
        "transformData": {
          "inheritType": 1,
          "eulerOrder": "ZYX",
          "translation": [
            3.738,
            7.614434627347592,
            10.128372752580287
          ],
          "parentMatrixWorld": {
            "elements": [
              6.661338147750939e-16,
              -5.551115123125783e-17,
              -0.9999999999999998,
              0,
              0.9873026263935851,
              0.15885063398151367,
              5.551115123125783e-16,
              0,
              0.1588506339815134,
              -0.987302626393585,
              3.3306690738754696e-16,
              0,
              7.552813749272659,
              -0.21566181236788395,
              -0.00009839011455632768,
              1
            ]
          }
        }
      }
    },
    {
      "translation": [
        -3.738,
        7.614434627347592,
        10.128372752580287
      ],
      "name": "Eyebrow_Right",
      "extras": {
        "name": "Eyebrow_Right",
        "transformData": {
          "inheritType": 1,
          "eulerOrder": "ZYX",
          "translation": [
            -3.738,
            7.614434627347592,
            10.128372752580287
          ],
          "parentMatrixWorld": {
            "elements": [
              6.661338147750939e-16,
              -5.551115123125783e-17,
              -0.9999999999999998,
              0,
              0.9873026263935851,
              0.15885063398151367,
              5.551115123125783e-16,
              0,
              0.1588506339815134,
              -0.987302626393585,
              3.3306690738754696e-16,
              0,
              7.552813749272659,
              -0.21566181236788395,
              -0.00009839011455632768,
              1
            ]
          }
        }
      }
    },
    {
      "rotation": [
        0.4585709776082888,
        0.5382496247052831,
        -0.4585709776082886,
        0.5382496247052835
      ],
      "translation": [
        7.552813749272659,
        -0.21566181236788395,
        -0.00009839011455632768
      ],
      "name": "head",
      "extras": {
        "name": "head",
        "transformData": {
          "inheritType": 1,
          "eulerOrder": "ZYX",
          "translation": [
            7.552813749272659,
            -0.21566181236788395,
            -0.00009839011455632768
          ],
          "preRotation": [
            80.85981078782045,
            89.99999999999997,
            0
          ],
          "parentMatrixWorld": {
            "elements": [
              0.09400163898549341,
              0.9952758622585487,
              -0.024282707294365824,
              0,
              -0.03637990722563193,
              -0.020940459500984103,
              -0.9991186113300771,
              0,
              -0.9949071284387783,
              0.09480218964449388,
              0.034239606018674706,
              0,
              9.359767353663301,
              -0.05731650764081131,
              0.0003396579816679424,
              1
            ]
          }
        }
      },
      "children": [
        0,
        1,
        2,
        3
      ]
    },
    {
      "rotation": [
        -0.51978420822198,
        -0.46119906100697117,
        0.4901985379757281,
        0.5261418025359668
      ],
      "translation": [
        9.359767353663301,
        -0.05731650764081131,
        0.0003396579816679424
      ],
      "scale": [
        1,
        0.9999999999999997,
        1
      ],
      "name": "neck_01",
      "extras": {
        "name": "neck_01",
        "transformData": {
          "inheritType": 1,
          "eulerOrder": "ZYX",
          "translation": [
            9.359767353663301,
            -0.05731650764081131,
            0.0003396579816679424
          ],
          "preRotation": [
            2.525840238458802,
            88.62117894426146,
            -94.2480386974462
          ],
          "postRotation": [
            2.52584023845315,
            88.62117894426146,
            -89.464360154263
          ],
          "parentMatrixWorld": {
            "elements": [
              0.2215833805025722,
              -0.9748058236075157,
              -0.0255814727083023,
              0,
              -0.022645296535862555,
              -0.03137049398030677,
              0.999251261021088,
              0,
              -0.9748784519261131,
              -0.2208381723532074,
              -0.02902594704467009,
              0,
              9.265973823908169,
              1.6740983393724997,
              -0.00015461391499686523,
              1
            ]
          }
        }
      },
      "children": [
        4
      ]
    },
    {
      "rotation": [
        -0.44010482388381894,
        -0.25228595631231593,
        0.6974774539789531,
        0.5061469563603147
      ],
      "translation": [
        4.401022854236585,
        0.000004321164027487612,
        4.918232807682443e-7
      ],
      "scale": [
        0.9999999999999999,
        1,
        1
      ],
      "name": "thumb_03_l",
      "extras": {
        "name": "thumb_03_l",
        "transformData": {
          "inheritType": 1,
          "eulerOrder": "ZYX",
          "translation": [
            4.401022854236585,
            0.000004321164027487612,
            4.918232807682443e-7
          ],
          "preRotation": [
            -6.44558594951231,
            82.41429340178466,
            -97.27073050893078
          ],
          "postRotation": [
            93.875508551434,
            74.95278099013521,
            -24.86908608131737
          ],
          "parentMatrixWorld": {
            "elements": [
              0.14027155173525194,
              0.9708363400823582,
              -0.19442400198863327,
              0,
              -0.27798435309666697,
              -0.14985131112230454,
              -0.9488252125593808,
              0,
              -0.950288688350657,
              0.1871400153105101,
              0.24885743601984234,
              0,
              4.948399169068242,
              -0.000001572094049606676,
              -0.000001675902225883874,
              1
            ]
          }
        }
      }
    },
    {
      "rotation": [
        -0.5102120703290236,
        -0.33949215790744014,
        0.5609004357742323,
        0.5566142462767169
      ],
      "translation": [
        4.948399169068242,
        -0.000001572094049606676,
        -0.000001675902225883874
      ],
      "scale": [
        0.9999999999999999,
        1,
        1
      ],
      "name": "thumb_02_l",
      "extras": {
        "name": "thumb_02_l",
        "transformData": {
          "inheritType": 1,
          "eulerOrder": "ZYX",
          "translation": [
            4.948399169068242,
            -0.000001572094049606676,
            -0.000001675902225883874
          ],
          "preRotation": [
            -44.78429427505513,
            71.8516748184239,
            -150.84580806560407
          ],
          "postRotation": [
            -9.921391713516948e-13,
            83.56859773457244,
            -90.36781671076304
          ],
          "parentMatrixWorld": {
            "elements": [
              0.07556239343253977,
              0.9768328325259408,
              -0.20021973428733963,
              0,
              0.49734075801521405,
              -0.21095569556327343,
              -0.8415164079958677,
              0,
              -0.8642583497517383,
              -0.03599044051914884,
              -0.5017590986475872,
              0,
              2.729718620506503,
              -0.9093959487111221,
              3.4999128551418526,
              1
            ]
          }
        }
      },
      "children": [
        6
      ]
    },
    {
      "rotation": [
        0.6686324079124868,
        0.5511898515148329,
        -0.39800571713329264,
        -0.30118416260723235
      ],
      "translation": [
        2.729718620506503,
        -0.9093959487111221,
        3.4999128551418526
      ],
      "scale": [
        0.9999999999999998,
        1,
        0.9999999999999999
      ],
      "name": "thumb_01_l",
      "extras": {
        "name": "thumb_01_l",
        "transformData": {
          "inheritType": 1,
          "eulerOrder": "ZYX",
          "translation": [
            2.729718620506503,
            -0.9093959487111221,
            3.4999128551418526
          ],
          "preRotation": [
            80.40909169900246,
            57.76632858526876,
            -23.130713966081338
          ],
          "postRotation": [
            -6.476308569602115e-13,
            77.71426828683673,
            -89.5277516868324
          ],
          "parentMatrixWorld": {
            "elements": [
              -0.9974123290322546,
              0.006330052128589034,
              0.07161407916396698,
              0,
              -0.0063137985333031775,
              -0.9999799650193245,
              0.0004533299367052633,
              0,
              0.07161551397940565,
              -7.117787262367337e-17,
              0.997432312569362,
              0,
              14.811464986590966,
              0.35030133360895377,
              -0.044094974891249805,
              1
            ]
          }
        }
      },
      "children": [
        7
      ]
    },
    {
      "rotation": [
        -0.024215855546572837,
        0.025215932547600503,
        0.9925864891419192,
        0.11640365397538603
      ],
      "translation": [
        2.936152694312206,
        0.0000019077528889965834,
        -7.30248483904461e-8
      ],
      "scale": [
        0.9999999999999999,
        0.9999999999999998,
        0.9999999999999999
      ],
      "name": "indexFinger_04_l",
      "extras": {
        "name": "indexFinger_04_l",
        "transformData": {
          "inheritType": 1,
          "eulerOrder": "ZYX",
          "translation": [
            2.936152694312206,
            0.0000019077528889965834,
            -7.30248483904461e-8
          ],
          "preRotation": [
            1.167086923205316,
            1.4889410229037237,
            -87.50123239057896
          ],
          "postRotation": [
            4.301499063817882,
            2.373340783757449,
            -105.70863934892887
          ],
          "parentMatrixWorld": {
            "elements": [
              -0.9954280630911689,
              0.08070929423363955,
              0.05107818550880156,
              0,
              -0.08003985275449012,
              -0.9966784634808085,
              0.015022063925266975,
              0,
              0.05212094762764095,
              0.01086509354966922,
              0.9985816724537626,
              0,
              2.945004527888358,
              0.0000015950319607327401,
              -2.058145858185867e-7,
              1
            ]
          }
        }
      }
    },
    {
      "rotation": [
        0.02582986612371728,
        0.0064793355484598116,
        0.9988353466695274,
        0.04023414557867935
      ],
      "translation": [
        2.945004527888358,
        0.0000015950319607327401,
        -2.058145858185867e-7
      ],
      "scale": [
        0.9999999999999998,
        0.9999999999999999,
        1
      ],
      "name": "indexFinger_03_l",
      "extras": {
        "name": "indexFinger_03_l",
        "transformData": {
          "inheritType": 1,
          "eulerOrder": "ZYX",
          "translation": [
            2.945004527888358,
            0.0000015950319607327401,
            -2.058145858185867e-7
          ],
          "preRotation": [
            -2.9133198659924266,
            -0.9097649472420914,
            -95.55248175159738
          ],
          "postRotation": [
            0,
            0,
            -89.03775862726515
          ],
          "parentMatrixWorld": {
            "elements": [
              -0.9876923364030177,
              0.15495000334075615,
              0.02131537181117967,
              0,
              -0.15490990691862982,
              -0.9879222957953033,
              0.00352961881785248,
              0,
              0.021604845503048944,
              0.00018421519361094273,
              0.9997665711132532,
              0,
              3.1799407084748808,
              -0.0000018133527674990546,
              2.308931090766464e-7,
              1
            ]
          }
        }
      },
      "children": [
        9
      ]
    },
    {
      "rotation": [
        0.010763227664512136,
        0.0009313289511313278,
        0.9969179007460411,
        0.07770447045526593
      ],
      "translation": [
        3.1799407084748808,
        -0.0000018133527674990546,
        2.308931090766464e-7
      ],
      "scale": [
        1,
        1,
        0.9999999999999999
      ],
      "name": "indexFinger_02_l",
      "extras": {
        "name": "indexFinger_02_l",
        "transformData": {
          "inheritType": 1,
          "eulerOrder": "ZYX",
          "translation": [
            3.1799407084748808,
            -0.0000018133527674990546,
            2.308931090766464e-7
          ],
          "preRotation": [
            -1.2169326869410113,
            -0.22747727265611867,
            -100.09781477639886
          ],
          "postRotation": [
            0,
            0,
            -88.81355212537066
          ],
          "parentMatrixWorld": {
            "elements": [
              -0.9912473626949494,
              0.01381926224884789,
              -0.1312923986421332,
              0,
              -0.013699615442546538,
              -0.9999045094362249,
              -0.0018145373594315789,
              0,
              -0.13130493702459783,
              -1.212658445881587e-13,
              0.9913420265039541,
              0,
              8.076070244041674,
              0.30971263283169037,
              2.0761200160914655,
              1
            ]
          }
        }
      },
      "children": [
        10
      ]
    },
    {
      "rotation": [
        -0.06579346517193278,
        -0.00045463028124712246,
        0.9978093378290174,
        0.006894823652199076
      ],
      "translation": [
        8.076070244041674,
        0.30971263283169037,
        2.0761200160914655
      ],
      "name": "indexFinger_01_l",
      "extras": {
        "name": "indexFinger_01_l",
        "transformData": {
          "inheritType": 1,
          "eulerOrder": "ZYX",
          "translation": [
            8.076070244041674,
            0.30971263283169037,
            2.0761200160914655
          ],
          "preRotation": [
            7.54454061948271,
            0.08405544453108699,
            -90.63462547748163
          ],
          "postRotation": [
            0,
            0,
            -90.1516430303867
          ],
          "parentMatrixWorld": {
            "elements": [
              -0.9974123290322546,
              0.006330052128589034,
              0.07161407916396698,
              0,
              -0.0063137985333031775,
              -0.9999799650193245,
              0.0004533299367052633,
              0,
              0.07161551397940565,
              -7.117787262367337e-17,
              0.997432312569362,
              0,
              14.811464986590966,
              0.35030133360895377,
              -0.044094974891249805,
              1
            ]
          }
        }
      },
      "children": [
        11
      ]
    },
    {
      "rotation": [
        -0.01585912576127364,
        -0.1264576971397038,
        0.9762891873483674,
        0.1749753172046712
      ],
      "translation": [
        2.33292425758194,
        0.0000022103369872183976,
        4.2991598014907595e-7
      ],
      "scale": [
        1,
        0.9999999999999999,
        0.9999999999999998
      ],
      "name": "finger_04_l",
      "extras": {
        "name": "finger_04_l",
        "transformData": {
          "inheritType": 1,
          "eulerOrder": "ZYX",
          "translation": [
            2.33292425758194,
            0.0000022103369872183976,
            4.2991598014907595e-7
          ],
          "preRotation": [
            0.1791761294272457,
            4.433954136202045,
            -90.09395203657532
          ],
          "postRotation": [
            -10.40031015477424,
            0.5970492534885211,
            -110.12937207121998
          ],
          "parentMatrixWorld": {
            "elements": [
              0.9726650144818396,
              -0.18631679755870356,
              -0.1385958893709039,
              0,
              0.18112764686477767,
              0.9822247058528097,
              -0.0492686792352886,
              0,
              0.14531188920481058,
              0.02281837329501022,
              0.9891227308559329,
              0,
              2.729159368875557,
              -0.000005803996316444682,
              -1.5778689776979604e-7,
              1
            ]
          }
        }
      }
    },
    {
      "rotation": [
        -0.01814922707098626,
        0.07147894885040836,
        -0.09251082439542362,
        0.9929768943926367
      ],
      "translation": [
        2.729159368875557,
        -0.000005803996316444682,
        -1.5778689776979604e-7
      ],
      "name": "finger_03_l",
      "extras": {
        "name": "finger_03_l",
        "transformData": {
          "inheritType": 1,
          "eulerOrder": "ZYX",
          "translation": [
            2.729159368875557,
            -0.000005803996316444682,
            -1.5778689776979604e-7
          ],
          "preRotation": [
            -2.851573577978456,
            7.966604562574689,
            -10.84381674112682
          ],
          "parentMatrixWorld": {
            "elements": [
              -0.9987276648238497,
              0.032069586535681295,
              -0.03891777402333401,
              0,
              -0.031871853454615316,
              -0.9994757625495054,
              -0.005690784959302055,
              0,
              -0.03907987298940937,
              -0.00444316278296689,
              0.9992262115415186,
              0,
              3.300488824674794,
              0.000005790680148720639,
              -2.3344335642327962e-7,
              1
            ]
          }
        }
      },
      "children": [
        13
      ]
    },
    {
      "rotation": [
        -0.01950567984035069,
        -0.0025343013251059635,
        0.9996786532324867,
        0.015990498492575667
      ],
      "translation": [
        3.300488824674794,
        0.000005790680148720639,
        -2.3344335642327962e-7
      ],
      "name": "finger_02_l",
      "extras": {
        "name": "finger_02_l",
        "transformData": {
          "inheritType": 1,
          "eulerOrder": "ZYX",
          "translation": [
            3.300488824674794,
            0.000005790680148720639,
            -2.3344335642327962e-7
          ],
          "preRotation": [
            2.228671973324868,
            0.3378305179607646,
            -92.12880376345264
          ],
          "postRotation": [
            0,
            0,
            -89.69743384551714
          ],
          "parentMatrixWorld": {
            "elements": [
              -0.9935990049849428,
              0.07133531502302888,
              0.08759160989214344,
              0,
              -0.07105973041743316,
              -0.9974523912601371,
              0.006264334157473741,
              0,
              0.08781532899177645,
              -5.586243273514313e-15,
              0.9961367717307027,
              0,
              7.754445488182363,
              -0.09007527000098037,
              -2.550505760199377,
              1
            ]
          }
        }
      },
      "children": [
        14
      ]
    },
    {
      "rotation": [
        0.04392213150705381,
        0.0015685976302826222,
        0.9983972365716692,
        0.03565590934762176
      ],
      "translation": [
        7.754445488182363,
        -0.09007527000098037,
        -2.550505760199377
      ],
      "scale": [
        1,
        0.9999999999999999,
        1
      ],
      "name": "finger_01_l",
      "extras": {
        "name": "finger_01_l",
        "transformData": {
          "inheritType": 1,
          "eulerOrder": "ZYX",
          "translation": [
            7.754445488182363,
            -0.09007527000098037,
            -2.550505760199377
          ],
          "preRotation": [
            -5.016601058294677,
            -0.4637591805968812,
            -95.26820617016406
          ],
          "postRotation": [
            0,
            0,
            -88.80216513664728
          ],
          "parentMatrixWorld": {
            "elements": [
              -0.9974123290322546,
              0.006330052128589034,
              0.07161407916396698,
              0,
              -0.0063137985333031775,
              -0.9999799650193245,
              0.0004533299367052633,
              0,
              0.07161551397940565,
              -7.117787262367337e-17,
              0.997432312569362,
              0,
              14.811464986590966,
              0.35030133360895377,
              -0.044094974891249805,
              1
            ]
          }
        }
      },
      "children": [
        15
      ]
    },
    {
      "rotation": [
        0.03583058546028744,
        0.00011340587292294258,
        0.9993528664366933,
        0.003163009555117229
      ],
      "translation": [
        14.811464986590966,
        0.35030133360895377,
        -0.044094974891249805
      ],
      "scale": [
        0.9999999999999999,
        0.9999999999999999,
        1
      ],
      "name": "Hand_L",
      "extras": {
        "name": "Hand_L",
        "transformData": {
          "inheritType": 1,
          "eulerOrder": "ZYX",
          "translation": [
            14.811464986590966,
            0.35030133360895377,
            -0.044094974891249805
          ],
          "preRotation": [
            -4.106761778987333,
            -0.012987011210075724,
            -90.18087821539032
          ],
          "postRotation": [
            0,
            0,
            -90.18134384660799
          ],
          "parentMatrixWorld": {
            "elements": [
              -0.9939515486137592,
              -0.0736099387509936,
              -0.08149782773414467,
              0,
              0.07391304885808415,
              -0.9972644408042349,
              -0.0007044969259902204,
              0,
              -0.08122302762647929,
              -0.006723988733723176,
              0.9966732703141471,
              0,
              19.590557358770432,
              0.981913518548069,
              -0.311154355418068,
              1
            ]
          }
        }
      },
      "children": [
        8,
        12,
        16
      ]
    },
    {
      "rotation": [
        -0.04074193747334719,
        -0.0018599392044674346,
        0.9984850098689692,
        -0.03693670564679714
      ],
      "translation": [
        19.590557358770432,
        0.981913518548069,
        -0.311154355418068
      ],
      "scale": [
        0.9999999999999999,
        0.9999999999999999,
        1
      ],
      "name": "lowerarm_l",
      "extras": {
        "name": "lowerarm_l",
        "transformData": {
          "inheritType": 1,
          "eulerOrder": "ZYX",
          "translation": [
            19.590557358770432,
            0.981913518548069,
            -0.311154355418068
          ],
          "preRotation": [
            4.674797687032443,
            0.020182539194905487,
            -85.51441482208458
          ],
          "postRotation": [
            0,
            0,
            -90.24763663209535
          ],
          "parentMatrixWorld": {
            "elements": [
              -0.8872678571779876,
              0.0286806653060778,
              -0.4603619978412449,
              0,
              -0.02270134952233655,
              -0.9995707261045128,
              -0.018520589751990887,
              0,
              -0.46069555928904543,
              -0.0059818853631263096,
              0.8875380660562431,
              0,
              6.82825884358124,
              -0.35110721219173513,
              -2.1967894129108796,
              1
            ]
          }
        }
      },
      "children": [
        17
      ]
    },
    {
      "rotation": [
        -0.237046832329754,
        -0.006306049025181103,
        0.9713877507641765,
        0.013223868323435434
      ],
      "translation": [
        6.82825884358124,
        -0.35110721219173513,
        -2.1967894129108796
      ],
      "scale": [
        0.9999999999999999,
        1,
        1
      ],
      "name": "UpperArm_L",
      "extras": {
        "name": "UpperArm_L",
        "transformData": {
          "inheritType": 1,
          "eulerOrder": "ZYX",
          "translation": [
            6.82825884358124,
            -0.35110721219173513,
            -2.1967894129108796
          ],
          "preRotation": [
            27.39033567720693,
            1.6201056048930096,
            -92.37936412092719
          ],
          "postRotation": [
            0,
            0,
            -88.78569852680305
          ],
          "parentMatrixWorld": {
            "elements": [
              0.0251389114881565,
              -0.46269886409708566,
              0.8861590129838196,
              0,
              -0.9989910830228224,
              -0.04462536885689516,
              0.005039096672428744,
              0,
              0.0372135885138568,
              -0.8853916295163697,
              -0.4633538725555972,
              0,
              4.519994057313156,
              -4.213908450441211,
              -8.830449973175607,
              1
            ]
          }
        }
      },
      "children": [
        18
      ]
    },
    {
      "rotation": [
        0.619095742373635,
        -0.590251978440256,
        0.3728714875171945,
        0.359569071972154
      ],
      "translation": [
        4.519994057313156,
        -4.213908450441211,
        -8.830449973175607
      ],
      "scale": [
        1,
        0.9999999999999998,
        0.9999999999999999
      ],
      "name": "clavicle_l",
      "extras": {
        "name": "clavicle_l",
        "transformData": {
          "inheritType": 1,
          "eulerOrder": "ZYX",
          "translation": [
            4.519994057313156,
            -4.213908450441211,
            -8.830449973175607
          ],
          "preRotation": [
            61.3397046487897,
            180.56463337368692,
            3.463815275239945
          ],
          "postRotation": [
            -0.6628587118438318,
            1.0532709900940094,
            -89.33552886131008
          ],
          "parentMatrixWorld": {
            "elements": [
              0.2215833805025722,
              -0.9748058236075157,
              -0.0255814727083023,
              0,
              -0.022645296535862555,
              -0.03137049398030677,
              0.999251261021088,
              0,
              -0.9748784519261131,
              -0.2208381723532074,
              -0.02902594704467009,
              0,
              9.265973823908169,
              1.6740983393724997,
              -0.00015461391499686523,
              1
            ]
          }
        }
      },
      "children": [
        19
      ]
    },
    {
      "rotation": [
        0.6558122554711536,
        -0.5646366856025128,
        -0.42982412686615046,
        0.2575789564568483
      ],
      "translation": [
        -4.400799577493167,
        -0.036011189828016654,
        -0.02585413844414397
      ],
      "name": "thumb_03_r",
      "extras": {
        "name": "thumb_03_r",
        "transformData": {
          "inheritType": 1,
          "eulerOrder": "ZYX",
          "translation": [
            -4.400799577493167,
            -0.036011189828016654,
            -0.02585413844414397
          ],
          "preRotation": [
            23.47861867267161,
            92.05567242228578,
            110.68389894468574
          ],
          "postRotation": [
            -66.62123430159025,
            72.12227404829527,
            -6.670159163042163
          ],
          "parentMatrixWorld": {
            "elements": [
              -0.2762820371129724,
              -0.9536470859307167,
              0.1192705808846366,
              0,
              0.23040523889144554,
              0.054759082676895665,
              0.9715528131582765,
              0,
              -0.9330496566957636,
              0.29590315706365383,
              0.2045963337395872,
              0,
              -4.948072291820981,
              -0.047147858633053374,
              -0.03181211688012553,
              1
            ]
          }
        }
      }
    },
    {
      "rotation": [
        -0.34072076047349414,
        0.5306705159631259,
        0.5971011824171143,
        -0.49575028474613875
      ],
      "translation": [
        -4.948072291820981,
        -0.047147858633053374,
        -0.03181211688012553
      ],
      "name": "thumb_02_r",
      "extras": {
        "name": "thumb_02_r",
        "transformData": {
          "inheritType": 1,
          "eulerOrder": "ZYX",
          "translation": [
            -4.948072291820981,
            -0.047147858633053374,
            -0.03181211688012553
          ],
          "preRotation": [
            118.85873711155061,
            75.5569009676035,
            -168.376568582679
          ],
          "postRotation": [
            179.9999999999789,
            89.68819291704148,
            -90.8564598208686
          ],
          "parentMatrixWorld": {
            "elements": [
              -0.1448775767882553,
              -0.9875667334636974,
              -0.061011758701140895,
              0,
              -0.476521160692526,
              0.015600358903472554,
              0.8790245799830235,
              0,
              -0.867143627755063,
              0.15642434515741416,
              -0.47285658828640975,
              0,
              -2.7093507479433896,
              0.8616875278839586,
              -3.527701982381967,
              1
            ]
          }
        }
      },
      "children": [
        21
      ]
    },
    {
      "rotation": [
        -0.5727954810826204,
        0.6390098833308718,
        0.40509894766537374,
        -0.3153831771943489
      ],
      "translation": [
        -2.7093507479433896,
        0.8616875278839586,
        -3.527701982381967
      ],
      "scale": [
        1,
        0.9999999999999999,
        1
      ],
      "name": "thumb_01_r",
      "extras": {
        "name": "thumb_01_r",
        "transformData": {
          "inheritType": 1,
          "eulerOrder": "ZYX",
          "translation": [
            -2.7093507479433896,
            0.8616875278839586,
            -3.527701982381967
          ],
          "preRotation": [
            -80.27948331280098,
            59.44493496020161,
            1.2113317466432652
          ],
          "postRotation": [
            79.13078398144155,
            88.16010730401086,
            170.96150907469746
          ],
          "parentMatrixWorld": {
            "elements": [
              -0.9974190981967176,
              0.005147485329705613,
              0.07161456518912031,
              0,
              -0.005134268196325116,
              -0.99998675160963,
              0.0003686398075885888,
              0,
              0.07161551397940605,
              2.695868701885207e-16,
              0.997432312569362,
              0,
              -14.811573014920924,
              -0.34368930077877735,
              -0.05773151951594535,
              1
            ]
          }
        }
      },
      "children": [
        22
      ]
    },
    {
      "rotation": [
        -0.025223308117824767,
        -0.03538423447436318,
        0.9827196759767545,
        0.17992714949778815
      ],
      "translation": [
        -2.9351869592426603,
        -0.06946568317520985,
        -0.02906333555099927
      ],
      "scale": [
        1,
        1,
        1.0000000000000002
      ],
      "name": "indexFinger_04_r",
      "extras": {
        "name": "indexFinger_04_r",
        "transformData": {
          "inheritType": 1,
          "eulerOrder": "ZYX",
          "translation": [
            -2.9351869592426603,
            -0.06946568317520985,
            -0.02906333555099927
          ],
          "preRotation": [
            -1.852743247530072,
            1.0914296357857016,
            88.74154180705422
          ],
          "postRotation": [
            -4.91954398338946,
            1.5902773407317588e-15,
            70.399263087205
          ],
          "parentMatrixWorld": {
            "elements": [
              -0.9963580875252642,
              0.06813671914106649,
              0.05126352433933313,
              0,
              -0.06748309596776374,
              -0.9976168288711089,
              0.014376874199843034,
              0,
              0.05212094762764357,
              0.01086509354970991,
              0.9985816724537621,
              0,
              -2.9443649208365983,
              -0.05533825796415215,
              -0.026543538534782307,
              1
            ]
          }
        }
      }
    },
    {
      "rotation": [
        0.025870199516445164,
        0.00631637159279777,
        0.9990691403564289,
        0.03393654393640023
      ],
      "translation": [
        -2.9443649208365983,
        -0.05533825796415215,
        -0.026543538534782307
      ],
      "name": "indexFinger_03_r",
      "extras": {
        "name": "indexFinger_03_r",
        "transformData": {
          "inheritType": 1,
          "eulerOrder": "ZYX",
          "translation": [
            -2.9443649208365983,
            -0.05533825796415215,
            -0.026543538534782307
          ],
          "preRotation": [
            2.9189904040927868,
            0.8913888381535181,
            84.80829832648529
          ],
          "postRotation": [
            0,
            0,
            91.32344462592421
          ],
          "parentMatrixWorld": {
            "elements": [
              -0.9884218330658292,
              0.15022391752732794,
              0.021332006973752406,
              0,
              -0.15018492124569388,
              -0.9886519815726384,
              0.0034276468487663527,
              0,
              0.021604845503043542,
              0.00018421519399435438,
              0.9997665711132534,
              0,
              -3.179547694218222,
              -0.043494416600665886,
              -0.024649651827369112,
              1
            ]
          }
        }
      },
      "children": [
        24
      ]
    },
    {
      "rotation": [
        0.01076542374404949,
        0.0009055909586381674,
        0.9971008456710536,
        0.07532057566625702
      ],
      "translation": [
        -3.179547694218222,
        -0.043494416600665886,
        -0.024649651827369112
      ],
      "name": "indexFinger_02_r",
      "extras": {
        "name": "indexFinger_02_r",
        "transformData": {
          "inheritType": 1,
          "eulerOrder": "ZYX",
          "translation": [
            -3.179547694218222,
            -0.043494416600665886,
            -0.024649651827369112
          ],
          "preRotation": [
            1.2174729971316556,
            0.22456710419589843,
            80.0391521273544
          ],
          "postRotation": [
            0,
            0,
            91.32344462592421
          ],
          "parentMatrixWorld": {
            "elements": [
              -0.9906387168798783,
              -0.037661661671818815,
              -0.13121178246905077,
              0,
              0.03733558800331485,
              -0.9992905479589596,
              0.004945162113548888,
              0,
              -0.1313049370246023,
              -5.159926305675632e-13,
              0.9913420265039534,
              0,
              -8.057342691302757,
              -0.386115206490814,
              -2.135252514007475,
              1
            ]
          }
        }
      },
      "children": [
        25
      ]
    },
    {
      "rotation": [
        -0.06578336525126914,
        0.0012391949973161454,
        0.9976561646357416,
        -0.018793360962821352
      ],
      "translation": [
        -8.057342691302757,
        -0.386115206490814,
        -2.135252514007475
      ],
      "scale": [
        0.9999999999999998,
        1,
        0.9999999999999999
      ],
      "name": "indexFinger_01_r",
      "extras": {
        "name": "indexFinger_01_r",
        "transformData": {
          "inheritType": 1,
          "eulerOrder": "ZYX",
          "translation": [
            -8.057342691302757,
            -0.386115206490814,
            -2.135252514007475
          ],
          "preRotation": [
            -7.544214300842198,
            0.1096253155625292,
            90.82769237432744
          ],
          "postRotation": [
            0,
            0,
            91.32344462592421
          ],
          "parentMatrixWorld": {
            "elements": [
              -0.9974190981967176,
              0.005147485329705613,
              0.07161456518912031,
              0,
