{
  "asset": {
    "version": "2.0",
    "generator": "GLTFExporter"
  },
  "scenes": [
    {
      "name": "AuxScene",
      "nodes": [
        53
      ]
    }
  ],
  "scene": 0,
  "nodes": [
    {
      "translation": [
        3.738,
        6.153952732758987,
        10.102803890601544
      ],
      "name": "Eyes_Left",
      "extras": {
        "name": "Eyes_Left",
        "transformData": {
          "inheritType": 1,
          "eulerOrder": "ZYX",
          "translation": [
            3.738,
            6.153952732758987,
            10.102803890601544
          ],
          "parentMatrixWorld": {
            "elements": [
              -0.00535375266704774,
              0.01588434359595703,
              -0.9998595075414988,
              0,
              0.9567288731647946,
              0.2909804462241514,
              -0.0005001218626118908,
              0,
              0.29093162503486136,
              -0.9565971328085721,
              -0.016754850910575048,
              0,
              7.552813749272659,
              -0.21566181236788395,
              -0.00009839011455632768,
              1
            ]
          }
        }
      }
    },
    {
      "translation": [
        -3.7381443470947127,
        6.1570453221466135,
        10.102984908962146
      ],
      "name": "Eyes_Right",
      "extras": {
        "name": "Eyes_Right",
        "transformData": {
          "inheritType": 1,
          "eulerOrder": "ZYX",
          "translation": [
            -3.7381443470947127,
            6.1570453221466135,
            10.102984908962146
          ],
          "parentMatrixWorld": {
            "elements": [
              -0.00535375266704774,
              0.01588434359595703,
              -0.9998595075414988,
              0,
              0.9567288731647946,
              0.2909804462241514,
              -0.0005001218626118908,
              0,
              0.29093162503486136,
              -0.9565971328085721,
              -0.016754850910575048,
              0,
              7.552813749272659,
              -0.21566181236788395,
              -0.00009839011455632768,
              1
            ]
          }
        }
      }
    },
    {
      "translation": [
        3.738,
        7.614434627347592,
        10.128372752580287
      ],
      "name": "Eyebrow_Left",
      "extras": {
        "name": "Eyebrow_Left",
        "transformData": {
          "inheritType": 1,
          "eulerOrder": "ZYX",
          "translation": [
            3.738,
            7.614434627347592,
            10.128372752580287
          ],
          "parentMatrixWorld": {
            "elements": [
              -0.00535375266704774,
              0.01588434359595703,
              -0.9998595075414988,
              0,
              0.9567288731647946,
              0.2909804462241514,
              -0.0005001218626118908,
              0,
              0.29093162503486136,
              -0.9565971328085721,
              -0.016754850910575048,
              0,
              7.552813749272659,
              -0.21566181236788395,
              -0.00009839011455632768,
              1
            ]
          }
        }
      }
    },
    {
      "translation": [
        -3.738,
        7.614434627347592,
        10.128372752580287
      ],
      "name": "Eyebrow_Right",
      "extras": {
        "name": "Eyebrow_Right",
        "transformData": {
          "inheritType": 1,
          "eulerOrder": "ZYX",
          "translation": [
            -3.738,
            7.614434627347592,
            10.128372752580287
          ],
          "parentMatrixWorld": {
            "elements": [
              -0.00535375266704774,
              0.01588434359595703,
              -0.9998595075414988,
              0,
              0.9567288731647946,
              0.2909804462241514,
              -0.0005001218626118908,
              0,
              0.29093162503486136,
              -0.9565971328085721,
              -0.016754850910575048,
              0,
              7.552813749272659,
              -0.21566181236788395,
              -0.00009839011455632768,
              1
            ]
          }
        }
      }
    },
    {
      "rotation": [
        0.4243879864049452,
        0.5729504886553842,
        -0.41761778444300035,
        0.563221062785732
      ],
      "translation": [
        7.552813749272659,
        -0.21566181236788395,
        -0.00009839011455632768
      ],
      "name": "head",
      "extras": {
        "name": "head",
        "transformData": {
          "inheritType": 1,
          "eulerOrder": "ZYX",
          "translation": [
            7.552813749272659,
            -0.21566181236788395,
            -0.00009839011455632768
          ],
          "preRotation": [
            80.85981078782045,
            89.99999999999997,
            0
          ],
          "parentMatrixWorld": {
            "elements": [
              0.9835292537776251,
              -0.18037471020211784,
              0.011626300763557713,
              0,
              0.18041257026934962,
              0.9835883693540987,
              -0.0022856391918897705,
              0,
              -0.011023222702533784,
              0.004345523813137948,
              0.9999298000279727,
              0,
              9.359767353663301,
              -0.05731650764081131,
              0.0003396579816679424,
              1
            ]
          }
        }
      },
      "children": [
        0,
        1,
        2,
        3
      ]
    },
    {
      "rotation": [
        -0.0016646617939890934,
        -0.005685849727638286,
        -0.0905706587370444,
        0.9958724091842714
      ],
      "translation": [
        9.359767353663301,
        -0.05731650764081131,
        0.0003396579816679424
      ],
      "scale": [
        1,
        0.9999999999999997,
        1
      ],
      "name": "neck_01",
      "extras": {
        "name": "neck_01",
        "transformData": {
          "inheritType": 1,
          "eulerOrder": "ZYX",
          "translation": [
            9.359767353663301,
            -0.05731650764081131,
            0.0003396579816679424
          ],
          "preRotation": [
            2.525840238458802,
            88.62117894426146,
            -94.2480386974462
          ],
          "postRotation": [
            2.52584023845315,
            88.62117894426146,
            -89.464360154263
          ],
          "parentMatrixWorld": {
            "elements": [
              0.9704526898134531,
              0.23965124108992059,
              -0.02808664233927788,
              0,
              0.23944250028465555,
              -0.970852427582333,
              -0.010623225259951777,
              0,
              -0.029813854015649892,
              0.0035842016616968626,
              -0.999549042122087,
              0,
              9.265973823908169,
              1.6740983393724997,
              -0.00015461391499686523,
              1
            ]
          }
        }
      },
      "children": [
        4
      ]
    },
    {
      "rotation": [
        -0.44010482388381894,
        -0.25228595631231593,
        0.6974774539789531,
        0.5061469563603147
      ],
      "translation": [
        4.401022854236585,
        0.000004321164027487612,
        4.918232807682443e-7
      ],
      "scale": [
        0.9999999999999999,
        1,
        1
      ],
      "name": "thumb_03_l",
      "extras": {
        "name": "thumb_03_l",
        "transformData": {
          "inheritType": 1,
          "eulerOrder": "ZYX",
          "translation": [
            4.401022854236585,
            0.000004321164027487612,
            4.918232807682443e-7
          ],
          "preRotation": [
            -6.44558594951231,
            82.41429340178466,
            -97.27073050893078
          ],
          "postRotation": [
            93.875508551434,
            74.95278099013521,
            -24.86908608131737
          ],
          "parentMatrixWorld": {
            "elements": [
              0.8435514143154454,
              0.09998459780686007,
              -0.5276590762887268,
              0,
              -0.04716111062355832,
              0.992512239587868,
              0.11267335245073706,
              0,
              0.534973691159878,
              -0.07016077899464879,
              0.8419504879348069,
              0,
              4.948399169068242,
              -0.000001572094049606676,
              -0.000001675902225883874,
              1
            ]
          }
        }
      }
    },
    {
      "rotation": [
        0.04766730219125748,
        0.27704256772994995,
        0.03836285322904587,
        0.9589074850082397
      ],
      "translation": [
        4.948399169068242,
        -0.000001572094049606676,
        -0.000001675902225883874
      ],
      "scale": [
        0.9999999999999999,
        1,
        1
      ],
      "name": "thumb_02_l",
      "extras": {
        "name": "thumb_02_l",
        "transformData": {
          "inheritType": 1,
          "eulerOrder": "ZYX",
          "translation": [
            4.948399169068242,
            -0.000001572094049606676,
            -0.000001675902225883874
          ],
          "preRotation": [
            -44.78429427505513,
            71.8516748184239,
            -150.84580806560407
          ],
          "postRotation": [
            -9.921391713516948e-13,
            83.56859773457244,
            -90.36781671076304
          ],
          "parentMatrixWorld": {
            "elements": [
              0.9219113272211732,
              -0.34712868577492356,
              0.1719917959375001,
              0,
              0.31384042165301107,
              0.9294983471879816,
              0.19374470356477547,
              0,
              -0.2271204352194944,
              -0.12463745799283953,
              0.9658580697641893,
              0,
              2.729718620506503,
              -0.9093959487111221,
              3.4999128551418526,
              1
            ]
          }
        }
      },
      "children": [
        6
      ]
    },
    {
      "rotation": [
        0.08147838711738586,
        -0.10213832557201385,
        -0.16915111243724823,
        0.9768914580345154
      ],
      "translation": [
        2.729718620506503,
        -0.9093959487111221,
        3.4999128551418526
      ],
      "scale": [
        0.9999999999999998,
        1,
        0.9999999999999999
      ],
      "name": "thumb_01_l",
      "extras": {
        "name": "thumb_01_l",
        "transformData": {
          "inheritType": 1,
          "eulerOrder": "ZYX",
          "translation": [
            2.729718620506503,
            -0.9093959487111221,
            3.4999128551418526
          ],
          "preRotation": [
            80.40909169900246,
            57.76632858526876,
            -23.130713966081338
          ],
          "postRotation": [
            -6.476308569602115e-13,
            77.71426828683673,
            -89.5277516868324
          ],
          "parentMatrixWorld": {
            "elements": [
              0.9336213580145576,
              0.09966761378486806,
              0.34411848301319775,
              0,
              0.07705303848752092,
              0.8821833178062819,
              -0.46455939304277305,
              0,
              -0.34987711106717845,
              0.460237946248307,
              0.8159454947032081,
              0,
              14.811464986590966,
              0.35030133360895377,
              -0.044094974891249805,
              1
            ]
          }
        }
      },
      "children": [
        7
      ]
    },
    {
      "rotation": [
        -0.024215855546572837,
        0.025215932547600503,
        0.9925864891419192,
        0.11640365397538603
      ],
      "translation": [
        2.936152694312206,
        0.0000019077528889965834,
        -7.30248483904461e-8
      ],
      "scale": [
        0.9999999999999999,
        0.9999999999999998,
        0.9999999999999999
      ],
      "name": "indexFinger_04_l",
      "extras": {
        "name": "indexFinger_04_l",
        "transformData": {
          "inheritType": 1,
          "eulerOrder": "ZYX",
          "translation": [
            2.936152694312206,
            0.0000019077528889965834,
            -7.30248483904461e-8
          ],
          "preRotation": [
            1.167086923205316,
            1.4889410229037237,
            -87.50123239057896
          ],
          "postRotation": [
            4.301499063817882,
            2.373340783757449,
            -105.70863934892887
          ],
          "parentMatrixWorld": {
            "elements": [
              0.990073863576132,
              -0.14053414811014975,
              -0.0019745602143745457,
              0,
              0.14049331404620596,
              0.9899827659292362,
              -0.01399117187139005,
              0,
              0.003921017903535037,
              0.013574881103535484,
              0.9999001691327888,
              0,
              2.945004527888358,
              0.0000015950319607327401,
              -2.058145858185867e-7,
              1
            ]
          }
        }
      }
    },
    {
      "rotation": [
        -0.0069088442251086235,
        0.0014776011230424047,
        -0.07043354958295822,
        0.9974914789199829
      ],
      "translation": [
        2.945004527888358,
        0.0000015950319607327401,
        -2.058145858185867e-7
      ],
      "scale": [
        0.9999999999999998,
        0.9999999999999999,
        1
      ],
      "name": "indexFinger_03_l",
      "extras": {
        "name": "indexFinger_03_l",
        "transformData": {
          "inheritType": 1,
          "eulerOrder": "ZYX",
          "translation": [
            2.945004527888358,
            0.0000015950319607327401,
            -2.058145858185867e-7
          ],
          "preRotation": [
            -2.9133198659924266,
            -0.9097649472420914,
            -95.55248175159738
          ],
          "postRotation": [
            0,
            0,
            -89.03775862726515
          ],
          "parentMatrixWorld": {
            "elements": [
              0.953920417013945,
              -0.300039083460747,
              -0.0035197115325287798,
              0,
              0.30003011125081497,
              0.9539254443661481,
              -0.002860227744752454,
              0,
              0.00421572248386004,
              0.0016724102257355195,
              0.9999897153113202,
              0,
              3.1799407084748808,
              -0.0000018133527674990546,
              2.308931090766464e-7,
              1
            ]
          }
        }
      },
      "children": [
        9
      ]
    },
    {
      "rotation": [
        -0.0011464441195130348,
        0.001956530148163438,
        -0.1517760306596756,
        0.9884123206138611
      ],
      "translation": [
        3.1799407084748808,
        -0.0000018133527674990546,
        2.308931090766464e-7
      ],
      "scale": [
        1,
        1,
        0.9999999999999999
      ],
      "name": "indexFinger_02_l",
      "extras": {
        "name": "indexFinger_02_l",
        "transformData": {
          "inheritType": 1,
          "eulerOrder": "ZYX",
          "translation": [
            3.1799407084748808,
            -0.0000018133527674990546,
            2.308931090766464e-7
          ],
          "preRotation": [
            -1.2169326869410113,
            -0.22747727265611867,
            -100.09781477639886
          ],
          "postRotation": [
            0,
            0,
            -88.81355212537066
          ],
          "parentMatrixWorld": {
            "elements": [
              0.9487985027481097,
              -0.14115807432802074,
              -0.28258768503774634,
              0,
              0.13636323028399144,
              0.9899799964594203,
              -0.03666982594147816,
              0,
              0.2849323974375372,
              -0.0037422934235782357,
              0.958540309290815,
              0,
              8.076070244041674,
              0.30971263283169037,
              2.0761200160914655,
              1
            ]
          }
        }
      },
      "children": [
        10
      ]
    },
    {
      "rotation": [
        -0.008339619264006615,
        0.14373689889907837,
        -0.07028835266828537,
        0.9870814085006714
      ],
      "translation": [
        8.076070244041674,
        0.30971263283169037,
        2.0761200160914655
      ],
      "name": "indexFinger_01_l",
      "extras": {
        "name": "indexFinger_01_l",
        "transformData": {
          "inheritType": 1,
          "eulerOrder": "ZYX",
          "translation": [
            8.076070244041674,
            0.30971263283169037,
            2.0761200160914655
          ],
          "preRotation": [
            7.54454061948271,
            0.08405544453108699,
            -90.63462547748163
          ],
          "postRotation": [
            0,
            0,
            -90.1516430303867
          ],
          "parentMatrixWorld": {
            "elements": [
              0.9336213580145576,
              0.09966761378486806,
              0.34411848301319775,
              0,
              0.07705303848752092,
              0.8821833178062819,
              -0.46455939304277305,
              0,
              -0.34987711106717845,
              0.460237946248307,
              0.8159454947032081,
              0,
              14.811464986590966,
              0.35030133360895377,
              -0.044094974891249805,
              1
            ]
          }
        }
      },
      "children": [
        11
      ]
    },
    {
      "rotation": [
        -0.01585912576127364,
        -0.1264576971397038,
        0.9762891873483674,
        0.1749753172046712
      ],
      "translation": [
        2.33292425758194,
        0.0000022103369872183976,
        4.2991598014907595e-7
      ],
      "scale": [
        1,
        0.9999999999999999,
        0.9999999999999998
      ],
      "name": "finger_04_l",
      "extras": {
        "name": "finger_04_l",
        "transformData": {
          "inheritType": 1,
          "eulerOrder": "ZYX",
          "translation": [
            2.33292425758194,
            0.0000022103369872183976,
            4.2991598014907595e-7
          ],
          "preRotation": [
            0.1791761294272457,
            4.433954136202045,
            -90.09395203657532
          ],
          "postRotation": [
            -10.40031015477424,
            0.5970492534885211,
            -110.12937207121998
          ],
          "parentMatrixWorld": {
            "elements": [
              0.9483057655109322,
              -0.31735626050409516,
              0.0010863706155990194,
              0,
              0.31718398715877405,
              0.9476664985379885,
              -0.036366564822374325,
              0,
              0.01051163984924175,
              0.03483120247384841,
              0.9993379272183477,
              0,
              2.729159368875557,
              -0.000005803996316444682,
              -1.5778689776979604e-7,
              1
            ]
          }
        }
      }
    },
    {
      "rotation": [
        -0.018037043511867523,
        0.0023877713829278946,
        -0.16075265407562256,
        0.98682701587677
      ],
      "translation": [
        2.729159368875557,
        -0.000005803996316444682,
        -1.5778689776979604e-7
      ],
      "name": "finger_03_l",
      "extras": {
        "name": "finger_03_l",
        "transformData": {
          "inheritType": 1,
          "eulerOrder": "ZYX",
          "translation": [
            2.729159368875557,
            -0.000005803996316444682,
            -1.5778689776979604e-7
          ],
          "preRotation": [
            -2.851573577978456,
            7.966604562574689,
            -10.84381674112682
          ],
          "parentMatrixWorld": {
            "elements": [
              0.9537635854519265,
              -0.3005573415168607,
              -0.0005570308092264211,
              0,
              0.3005560970092523,
              0.9537500165567078,
              0.005190493866039474,
              0,
              -0.0010287728467326404,
              -0.005117923048038771,
              0.9999863741526265,
              0,
              3.300488824674794,
              0.000005790680148720639,
              -2.3344335642327962e-7,
              1
            ]
          }
        }
      },
      "children": [
        13
      ]
    },
    {
      "rotation": [
        0.0026074289344251156,
        -0.0001193232528748922,
        -0.15204668045043945,
        0.988369882106781
      ],
      "translation": [
        3.300488824674794,
        0.000005790680148720639,
        -2.3344335642327962e-7
      ],
      "name": "finger_02_l",
      "extras": {
        "name": "finger_02_l",
        "transformData": {
          "inheritType": 1,
          "eulerOrder": "ZYX",
          "translation": [
            3.300488824674794,
            0.000005790680148720639,
            -2.3344335642327962e-7
          ],
          "preRotation": [
            2.228671973324868,
            0.3378305179607646,
            -92.12880376345264
          ],
          "postRotation": [
            0,
            0,
            -89.69743384551714
          ],
          "parentMatrixWorld": {
            "elements": [
              0.9040274808679447,
              -0.2840169454332647,
              -0.3194819087320594,
              0,
              0.27107304455695364,
              0.9587722536465416,
              -0.08529461167850359,
              0,
              0.3305355046208286,
              -0.009494260030189494,
              0.9437458026768137,
              0,
              7.754445488182363,
              -0.09007527000098037,
              -2.550505760199377,
              1
            ]
          }
        }
      },
      "children": [
        14
      ]
    },
    {
      "rotation": [
        -0.019425656646490097,
        0.16658253967761993,
        -0.14225511252880096,
        0.975518524646759
      ],
      "translation": [
        7.754445488182363,
        -0.09007527000098037,
        -2.550505760199377
      ],
      "scale": [
        1,
        0.9999999999999999,
        1
      ],
      "name": "finger_01_l",
      "extras": {
        "name": "finger_01_l",
        "transformData": {
          "inheritType": 1,
          "eulerOrder": "ZYX",
          "translation": [
            7.754445488182363,
            -0.09007527000098037,
            -2.550505760199377
          ],
          "preRotation": [
            -5.016601058294677,
            -0.4637591805968812,
            -95.26820617016406
          ],
          "postRotation": [
            0,
            0,
            -88.80216513664728
          ],
          "parentMatrixWorld": {
            "elements": [
              0.9336213580145576,
              0.09966761378486806,
              0.34411848301319775,
              0,
              0.07705303848752092,
              0.8821833178062819,
              -0.46455939304277305,
              0,
              -0.34987711106717845,
              0.460237946248307,
              0.8159454947032081,
              0,
              14.811464986590966,
              0.35030133360895377,
              -0.044094974891249805,
              1
            ]
          }
        }
      },
      "children": [
        15
      ]
    },
    {
      "rotation": [
        -0.2426378708616339,
        -0.18208271821380811,
        0.005933356604155769,
        0.9528575815545843
      ],
      "translation": [
        14.811464986590966,
        0.35030133360895377,
        -0.044094974891249805
      ],
      "scale": [
        0.9999999999999999,
        0.9999999999999999,
        1
      ],
      "name": "Hand_L",
      "extras": {
        "name": "Hand_L",
        "transformData": {
          "inheritType": 1,
          "eulerOrder": "ZYX",
          "translation": [
            14.811464986590966,
            0.35030133360895377,
            -0.044094974891249805
          ],
          "preRotation": [
            -4.106761778987333,
            -0.012987011210075724,
            -90.18087821539032
          ],
          "postRotation": [
            0,
            0,
            -90.18134384660799
          ],
          "parentMatrixWorld": {
            "elements": [
              0.999568478297422,
              0.026425938564266272,
              0.012826805795042653,
              0,
              -0.026429865083182142,
              0.9996506607497582,
              0.00013667284327355475,
              0,
              -0.012818713179992157,
              -0.0004756246197619443,
              0.9999177238003869,
              0,
              19.590557358770432,
              0.981913518548069,
              -0.311154355418068,
              1
            ]
          }
        }
      },
      "children": [
        8,
        12,
        16
      ]
    },
    {
      "rotation": [
        0.00015309088557445712,
        -0.0064120716611184144,
        0.013215376964036785,
        0.999892091449335
      ],
      "translation": [
        19.590557358770432,
        0.981913518548069,
        -0.311154355418068
      ],
      "scale": [
        0.9999999999999999,
        0.9999999999999999,
        1
      ],
      "name": "lowerarm_l",
      "extras": {
        "name": "lowerarm_l",
        "transformData": {
          "inheritType": 1,
          "eulerOrder": "ZYX",
          "translation": [
            19.590557358770432,
            0.981913518548069,
            -0.311154355418068
          ],
          "preRotation": [
            4.674797687032443,
            0.020182539194905487,
            -85.51441482208458
          ],
          "postRotation": [
            0,
            0,
            -90.24763663209535
          ],
          "parentMatrixWorld": {
            "elements": [
              0.21318261498226673,
              -0.9623425007257715,
              0.1686715733504853,
              0,
              0.6302345229410432,
              0.2673708230075268,
              0.7289151553557487,
              0,
              -0.7465638850446328,
              -0.04908939713306609,
              0.6635002662746217,
              0,
              6.82825884358124,
              -0.35110721219173513,
              -2.1967894129108796,
              1
            ]
          }
        }
      },
      "children": [
        17
      ]
    },
    {
      "rotation": [
        0.265664979673704,
        -0.31252517568615107,
        -0.5438167955030508,
        0.7321293847653334
      ],
      "translation": [
        6.82825884358124,
        -0.35110721219173513,
        -2.1967894129108796
      ],
      "scale": [
        0.9999999999999999,
        1,
        1
      ],
      "name": "UpperArm_L",
      "extras": {
        "name": "UpperArm_L",
        "transformData": {
          "inheritType": 1,
          "eulerOrder": "ZYX",
          "translation": [
            6.82825884358124,
            -0.35110721219173513,
            -2.1967894129108796
          ],
          "preRotation": [
            27.39033567720693,
            1.6201056048930096,
            -92.37936412092719
          ],
          "postRotation": [
            0,
            0,
            -88.78569852680305
          ],
          "parentMatrixWorld": {
            "elements": [
              -0.2016157970125969,
              0.18687360048144458,
              -0.9614725185926709,
              0,
              0.9786194700097326,
              -0.002339270746521293,
              -0.20566605035564445,
              0,
              -0.04068266809959669,
              -0.9823812135795972,
              -0.18240654230413764,
              0,
              4.519994057313156,
              -4.213908450441211,
              -8.830449973175607,
              1
            ]
          }
        }
      },
      "children": [
        18
      ]
    },
    {
      "rotation": [
        0.4957645651007295,
        0.5877250778574565,
        -0.5053584187126451,
        0.3916754130391205
      ],
      "translation": [
        4.519994057313156,
        -4.213908450441211,
        -8.830449973175607
      ],
      "scale": [
        1,
        0.9999999999999998,
        0.9999999999999999
      ],
      "name": "clavicle_l",
      "extras": {
        "name": "clavicle_l",
        "transformData": {
          "inheritType": 1,
          "eulerOrder": "ZYX",
          "translation": [
            4.519994057313156,
            -4.213908450441211,
            -8.830449973175607
          ],
          "preRotation": [
            61.3397046487897,
            180.56463337368692,
            3.463815275239945
          ],
          "postRotation": [
            -0.6628587118438318,
            1.0532709900940094,
            -89.33552886131008
          ],
          "parentMatrixWorld": {
            "elements": [
              0.9704526898134531,
              0.23965124108992059,
              -0.02808664233927788,
              0,
              0.23944250028465555,
              -0.970852427582333,
              -0.010623225259951777,
              0,
              -0.029813854015649892,
              0.0035842016616968626,
              -0.999549042122087,
              0,
              9.265973823908169,
              1.6740983393724997,
              -0.00015461391499686523,
              1
            ]
          }
        }
      },
      "children": [
        19
      ]
    },
    {
      "rotation": [
        0.6558122554711536,
        -0.5646366856025128,
        -0.42982412686615046,
        0.2575789564568483
      ],
      "translation": [
        -4.400799577493167,
        -0.036011189828016654,
        -0.02585413844414397
      ],
      "name": "thumb_03_r",
      "extras": {
        "name": "thumb_03_r",
        "transformData": {
          "inheritType": 1,
          "eulerOrder": "ZYX",
          "translation": [
            -4.400799577493167,
            -0.036011189828016654,
            -0.02585413844414397
          ],
          "preRotation": [
            23.47861867267161,
            92.05567242228578,
            110.68389894468574
          ],
          "postRotation": [
            -66.62123430159025,
            72.12227404829527,
            -6.670159163042163
          ],
          "parentMatrixWorld": {
            "elements": [
              0.8046136739524288,
              0.07085873102553863,
              -0.5895556568022612,
              0,
              -0.027404748384277422,
              0.9962278296688803,
              0.08233523603204629,
              0,
              0.593165922821001,
              -0.05009143204090594,
              0.8035203998418269,
              0,
              -4.948072291820981,
              -0.047147858633053374,
              -0.03181211688012553,
              1
            ]
          }
        }
      }
    },
    {
      "rotation": [
        0.034876368939876556,
        0.3114858567714691,
        0.0258790273219347,
        0.9492578506469727
      ],
      "translation": [
        -4.948072291820981,
        -0.047147858633053374,
        -0.03181211688012553
      ],
      "name": "thumb_02_r",
      "extras": {
        "name": "thumb_02_r",
        "transformData": {
          "inheritType": 1,
          "eulerOrder": "ZYX",
          "translation": [
            -4.948072291820981,
            -0.047147858633053374,
            -0.03181211688012553
          ],
          "preRotation": [
            118.85873711155061,
            75.5569009676035,
            -168.376568582679
          ],
          "postRotation": [
            179.9999999999789,
            89.68819291704148,
            -90.8564598208686
          ],
          "parentMatrixWorld": {
            "elements": [
              0.9144757830850366,
              -0.34405502722810866,
              0.21297928396738008,
              0,
              0.3080520100824273,
              0.9332315384482927,
              0.18488604823862584,
              0,
              -0.2623699606364429,
              -0.10346511483676424,
              0.9594044878978164,
              0,
              -2.7093507479433896,
              0.8616875278839586,
              -3.527701982381967,
              1
            ]
          }
        }
      },
      "children": [
        21
      ]
    },
    {
      "rotation": [
        0.07389140129089355,
        -0.12181057780981064,
        -0.16710563004016876,
        0.9755910634994507
      ],
      "translation": [
        -2.7093507479433896,
        0.8616875278839586,
        -3.527701982381967
      ],
      "scale": [
        1,
        0.9999999999999999,
        1
      ],
      "name": "thumb_01_r",
      "extras": {
        "name": "thumb_01_r",
        "transformData": {
          "inheritType": 1,
          "eulerOrder": "ZYX",
          "translation": [
            -2.7093507479433896,
            0.8616875278839586,
            -3.527701982381967
          ],
          "preRotation": [
            -80.27948331280098,
            59.44493496020161,
            1.2113317466432652
          ],
          "postRotation": [
            79.13078398144155,
            88.16010730401086,
            170.96150907469746
          ],
          "parentMatrixWorld": {
            "elements": [
              0.9459779031915878,
              0.00552299450375801,
              0.32418405412889845,
              0,
              0.08076230375632441,
              0.9643263645150566,
              -0.2520954412619039,
              0,
              -0.3140115518762141,
              0.26465856824364165,
              0.9117853825674553,
              0,
              -14.811573014920924,
              -0.34368930077877735,
              -0.05773151951594535,
              1
            ]
          }
        }
      },
      "children": [
        22
      ]
    },
    {
      "rotation": [
        -0.025223308117824767,
        -0.03538423447436318,
        0.9827196759767545,
        0.17992714949778815
      ],
      "translation": [
        -2.9351869592426603,
        -0.06946568317520985,
        -0.02906333555099927
      ],
      "scale": [
        1,
        1,
        1.0000000000000002
      ],
      "name": "indexFinger_04_r",
      "extras": {
        "name": "indexFinger_04_r",
        "transformData": {
          "inheritType": 1,
          "eulerOrder": "ZYX",
          "translation": [
            -2.9351869592426603,
            -0.06946568317520985,
            -0.02906333555099927
          ],
          "preRotation": [
            -1.852743247530072,
            1.0914296357857016,
            88.74154180705422
          ],
          "postRotation": [
            -4.91954398338946,
            1.5902773407317588e-15,
            70.399263087205
          ],
          "parentMatrixWorld": {
            "elements": [
              0.989356257310063,
              -0.1455110429806906,
              0.000856076600627545,
              0,
              0.14551041813358215,
              0.9892790984288928,
              -0.01239290135828306,
              0,
              0.0009564052826127739,
              0.012385562569284712,
              0.9999228385888066,
              0,
              -2.9443649208365983,
              -0.05533825796415215,
              -0.026543538534782307,
              1
            ]
          }
        }
      }
    },
    {
      "rotation": [
        -0.006211285945028067,
        0.000025149667635560036,
        -0.07295115292072296,
        0.9973161816596985
      ],
      "translation": [
        -2.9443649208365983,
        -0.05533825796415215,
        -0.026543538534782307
      ],
      "name": "indexFinger_03_r",
      "extras": {
        "name": "indexFinger_03_r",
        "transformData": {
          "inheritType": 1,
          "eulerOrder": "ZYX",
          "translation": [
            -2.9443649208365983,
            -0.05533825796415215,
            -0.026543538534782307
          ],
          "preRotation": [
            2.9189904040927868,
            0.8913888381535181,
            84.80829832648529
          ],
          "postRotation": [
            0,
            0,
            91.32344462592421
          ],
          "parentMatrixWorld": {
            "elements": [
              0.9523764964135106,
              -0.3049117020826915,
              0.0028037862001351107,
              0,
              0.3049142678532843,
              0.9523796557757418,
              -0.0005279479026993363,
              0,
              -0.0025092914369801104,
              0.0013577196059315795,
              0.9999959300186189,
              0,
              -3.179547694218222,
              -0.043494416600665886,
              -0.024649651827369112,
              1
            ]
          }
        }
      },
      "children": [
        24
      ]
    },
    {
      "rotation": [
        -0.00047713183448649943,
        -0.0013443719362840056,
        -0.15430471301078796,
        0.9880222678184509
      ],
      "translation": [
        -3.179547694218222,
        -0.043494416600665886,
        -0.024649651827369112
      ],
      "name": "indexFinger_02_r",
      "extras": {
        "name": "indexFinger_02_r",
        "transformData": {
          "inheritType": 1,
          "eulerOrder": "ZYX",
          "translation": [
            -3.179547694218222,
            -0.043494416600665886,
            -0.024649651827369112
          ],
          "preRotation": [
            1.2174729971316556,
            0.22456710419589843,
            80.0391521273544
          ],
          "postRotation": [
            0,
            0,
            91.32344462592421
          ],
          "parentMatrixWorld": {
            "elements": [
              0.9508648433206163,
              -0.13611010165678933,
              -0.2780828852754183,
              0,
              0.13095034473742898,
              0.9906931033549757,
              -0.03713734495141341,
              0,
              0.2805495643719154,
              -0.0011024535682879753,
              0.9598389070264337,
              0,
              -8.057342691302757,
              -0.386115206490814,
              -2.135252514007475,
              1
            ]
          }
        }
      },
      "children": [
        25
      ]
    },
    {
      "rotation": [
        -0.009121854789555073,
        0.1414119452238083,
        -0.06760355085134506,
        0.9875977039337158
      ],
      "translation": [
        -8.057342691302757,
        -0.386115206490814,
        -2.135252514007475
      ],
      "scale": [
        0.9999999999999998,
        1,
        0.9999999999999999
      ],
      "name": "indexFinger_01_r",
      "extras": {
        "name": "indexFinger_01_r",
        "transformData": {
          "inheritType": 1,
          "eulerOrder": "ZYX",
          "translation": [
            -8.057342691302757,
            -0.386115206490814,
            -2.135252514007475
          ],
          "preRotation": [
            -7.544214300842198,
            0.1096253155625292,
            90.82769237432744
          ],
          "postRotation": [
            0,
            0,
            91.32344462592421
          ],
          "parentMatrixWorld": {
            "elements": [
              0.9459779031915878,
              0.00552299450375801,
              0.32418405412889845,
              0,
              0.08076230375632441,
              0.9643263645150566,
