{
  "asset": {
    "version": "2.0",
    "generator": "GLTFExporter"
  },
  "scenes": [
    {
      "name": "AuxScene",
      "nodes": [
        52
      ]
    }
  ],
  "scene": 0,
  "nodes": [
    {
      "name": "SK_Chr_Kid_Superhero_01",
      "extras": {
        "transformData": {
          "inheritType": 1,
          "eulerOrder": "ZYX",
          "parentMatrixWorld": {
            "elements": [
              1,
              0,
              0,
              0,
              0,
              1,
              0,
              0,
              0,
              0,
              1,
              0,
              0,
              -58.009247191250324,
              1.1398863792419434,
              1
            ]
          }
        }
      },
      "mesh": 0,
      "skin": 0
    },
    {
      "translation": [
        3.738,
        6.153952732758987,
        10.102803890601544
      ],
      "name": "Eyes_Left",
      "extras": {
        "transformData": {
          "inheritType": 1,
          "eulerOrder": "ZYX",
          "translation": [
            3.738,
            6.153952732758987,
            10.102803890601544
          ],
          "parentMatrixWorld": {
            "elements": [
              0.052911504453614366,
              -0.03633494806013027,
              -0.9979379537269184,
              0,
              0.9945118861340712,
              0.09224204756501742,
              0.04937132374985953,
              0,
              0.09025794301475032,
              -0.9950734600119876,
              0.04101619602925999,
              0,
              7.552813749272659,
              -0.21566181236788395,
              -0.00009839011455632768,
              1
            ]
          }
        }
      }
    },
    {
      "translation": [
        -3.7381443470947127,
        6.1570453221466135,
        10.102984908962146
      ],
      "name": "Eyes_Right",
      "extras": {
        "transformData": {
          "inheritType": 1,
          "eulerOrder": "ZYX",
          "translation": [
            -3.7381443470947127,
            6.1570453221466135,
            10.102984908962146
          ],
          "parentMatrixWorld": {
            "elements": [
              0.052911504453614366,
              -0.03633494806013027,
              -0.9979379537269184,
              0,
              0.9945118861340712,
              0.09224204756501742,
              0.04937132374985953,
              0,
              0.09025794301475032,
              -0.9950734600119876,
              0.04101619602925999,
              0,
              7.552813749272659,
              -0.21566181236788395,
              -0.00009839011455632768,
              1
            ]
          }
        }
      }
    },
    {
      "translation": [
        3.738,
        7.614434627347592,
        10.128372752580287
      ],
      "name": "Eyebrow_Left",
      "extras": {
        "transformData": {
          "inheritType": 1,
          "eulerOrder": "ZYX",
          "translation": [
            3.738,
            7.614434627347592,
            10.128372752580287
          ],
          "parentMatrixWorld": {
            "elements": [
              0.052911504453614366,
              -0.03633494806013027,
              -0.9979379537269184,
              0,
              0.9945118861340712,
              0.09224204756501742,
              0.04937132374985953,
              0,
              0.09025794301475032,
              -0.9950734600119876,
              0.04101619602925999,
              0,
              7.552813749272659,
              -0.21566181236788395,
              -0.00009839011455632768,
              1
            ]
          }
        }
      }
    },
    {
      "translation": [
        -3.738,
        7.614434627347592,
        10.128372752580287
      ],
      "name": "Eyebrow_Right",
      "extras": {
        "transformData": {
          "inheritType": 1,
          "eulerOrder": "ZYX",
          "translation": [
            -3.738,
            7.614434627347592,
            10.128372752580287
          ],
          "parentMatrixWorld": {
            "elements": [
              0.052911504453614366,
              -0.03633494806013027,
              -0.9979379537269184,
              0,
              0.9945118861340712,
              0.09224204756501742,
              0.04937132374985953,
              0,
              0.09025794301475032,
              -0.9950734600119876,
              0.04101619602925999,
              0,
              7.552813749272659,
              -0.21566181236788395,
              -0.00009839011455632768,
              1
            ]
          }
        }
      }
    },
    {
      "rotation": [
        0.4794927686783548,
        0.4995784090315911,
        -0.47325010407041335,
        0.5445571090887837
      ],
      "translation": [
        7.552813749272659,
        -0.21566181236788395,
        -0.00009839011455632768
      ],
      "name": "head",
      "extras": {
        "transformData": {
          "inheritType": 1,
          "eulerOrder": "ZYX",
          "translation": [
            7.552813749272659,
            -0.21566181236788395,
            -0.00009839011455632768
          ],
          "preRotation": [
            80.85981078782045,
            89.99999999999997,
            0
          ],
          "parentMatrixWorld": {
            "elements": [
              0.9944240567763304,
              -0.08015048402424255,
              0.06853244022479145,
              0,
              0.08132178854102204,
              0.9965828371980535,
              -0.014471192122777253,
              0,
              -0.06713838068477869,
              0.019963682116400278,
              0.9975439285066912,
              0,
              9.359767353663301,
              -0.05731650764081131,
              0.0003396579816679424,
              1
            ]
          }
        }
      },
      "children": [
        1,
        2,
        3,
        4
      ]
    },
    {
      "rotation": [
        -0.0086210653573884,
        -0.03396635068355275,
        -0.04042596483791976,
        0.9985678338949797
      ],
      "translation": [
        9.359767353663301,
        -0.05731650764081131,
        0.0003396579816679424
      ],
      "scale": [
        1,
        0.9999999999999997,
        1
      ],
      "name": "neck_01",
      "extras": {
        "transformData": {
          "inheritType": 1,
          "eulerOrder": "ZYX",
          "translation": [
            9.359767353663301,
            -0.05731650764081131,
            0.0003396579816679424
          ],
          "preRotation": [
            2.525840238458802,
            88.62117894426146,
            -94.2480386974462
          ],
          "postRotation": [
            2.52584023845315,
            88.62117894426146,
            -89.464360154263
          ],
          "parentMatrixWorld": {
            "elements": [
              0.966894033532114,
              0.2537293247471831,
              0.0271543179676147,
              0,
              0.25381642705379187,
              -0.9672523553222915,
              0.0002468632746871453,
              0,
              0.026327715027988724,
              0.006653521411082115,
              -0.9996312019194324,
              0,
              9.265973823908169,
              1.6740983393724997,
              -0.00015461391499686523,
              1
            ]
          }
        }
      },
      "children": [
        5
      ]
    },
    {
      "rotation": [
        -0.44010482388381894,
        -0.25228595631231593,
        0.6974774539789531,
        0.5061469563603147
      ],
      "translation": [
        4.401022854236585,
        0.000004321164027487612,
        4.918232807682443e-7
      ],
      "scale": [
        0.9999999999999999,
        1,
        1
      ],
      "name": "thumb_03_l",
      "extras": {
        "transformData": {
          "inheritType": 1,
          "eulerOrder": "ZYX",
          "translation": [
            4.401022854236585,
            0.000004321164027487612,
            4.918232807682443e-7
          ],
          "preRotation": [
            -6.44558594951231,
            82.41429340178466,
            -97.27073050893078
          ],
          "postRotation": [
            93.875508551434,
            74.95278099013521,
            -24.86908608131737
          ],
          "parentMatrixWorld": {
            "elements": [
              0.9506211470863798,
              -0.07516119222145433,
              -0.3011149868533857,
              0,
              0.03384833735212922,
              0.9895526096757976,
              -0.1401425127764585,
              0,
              0.3085023989896376,
              0.12303019553204397,
              0.9432337181347488,
              0,
              4.948399169068242,
              -0.000001572094049606676,
              -0.000001675902225883874,
              1
            ]
          }
        }
      }
    },
    {
      "rotation": [
        -0.06677353382110596,
        0.15467526018619537,
        -0.027658458799123764,
        0.9853181838989258
      ],
      "translation": [
        4.948399169068242,
        -0.000001572094049606676,
        -0.000001675902225883874
      ],
      "scale": [
        0.9999999999999999,
        1,
        1
      ],
      "name": "thumb_02_l",
      "extras": {
        "transformData": {
          "inheritType": 1,
          "eulerOrder": "ZYX",
          "translation": [
            4.948399169068242,
            -0.000001572094049606676,
            -0.000001675902225883874
          ],
          "preRotation": [
            -44.78429427505513,
            71.8516748184239,
            -150.84580806560407
          ],
          "postRotation": [
            -9.921391713516948e-13,
            83.56859773457244,
            -90.36781671076304
          ],
          "parentMatrixWorld": {
            "elements": [
              0.9381642703895583,
              -0.3444915807186763,
              0.03425430088921066,
              0,
              0.3147002340332019,
              0.8898742006478457,
              0.3302842379314046,
              0,
              -0.14426215378576887,
              -0.2990810357418678,
              0.9432597570238405,
              0,
              2.729718620506503,
              -0.9093959487111221,
              3.4999128551418526,
              1
            ]
          }
        }
      },
      "children": [
        7
      ]
    },
    {
      "rotation": [
        0.16204190254211426,
        -0.045962411910295486,
        -0.1697213053703308,
        0.9709915518760681
      ],
      "translation": [
        2.729718620506503,
        -0.9093959487111221,
        3.4999128551418526
      ],
      "scale": [
        0.9999999999999998,
        1,
        0.9999999999999999
      ],
      "name": "thumb_01_l",
      "extras": {
        "transformData": {
          "inheritType": 1,
          "eulerOrder": "ZYX",
          "translation": [
            2.729718620506503,
            -0.9093959487111221,
            3.4999128551418526
          ],
          "preRotation": [
            80.40909169900246,
            57.76632858526876,
            -23.130713966081338
          ],
          "postRotation": [
            -6.476308569602115e-13,
            77.71426828683673,
            -89.5277516868324
          ],
          "parentMatrixWorld": {
            "elements": [
              0.699233549749061,
              -0.33282937125150375,
              0.6326903165466291,
              0,
              0.21968002815395712,
              0.9422278891823781,
              0.252878008189341,
              0,
              -0.6803036911922659,
              -0.037831355088874336,
              0.7319533196623385,
              0,
              14.811464986590966,
              0.35030133360895377,
              -0.044094974891249805,
              1
            ]
          }
        }
      },
      "children": [
        8
      ]
    },
    {
      "rotation": [
        -0.024215855546572837,
        0.025215932547600503,
        0.9925864891419192,
        0.11640365397538603
      ],
      "translation": [
        2.936152694312206,
        0.0000019077528889965834,
        -7.30248483904461e-8
      ],
      "scale": [
        0.9999999999999999,
        0.9999999999999998,
        0.9999999999999999
      ],
      "name": "indexFinger_04_l",
      "extras": {
        "transformData": {
          "inheritType": 1,
          "eulerOrder": "ZYX",
          "translation": [
            2.936152694312206,
            0.0000019077528889965834,
            -7.30248483904461e-8
          ],
          "preRotation": [
            1.167086923205316,
            1.4889410229037237,
            -87.50123239057896
          ],
          "postRotation": [
            4.301499063817882,
            2.373340783757449,
            -105.70863934892887
          ],
          "parentMatrixWorld": {
            "elements": [
              0.9280845069751479,
              -0.3721786346029394,
              -0.011925101583918789,
              0,
              0.37197775579228404,
              0.9281011080859066,
              -0.016151735396738347,
              0,
              0.017079030957022737,
              0.010554302709421023,
              0.9997984363786575,
              0,
              2.945004527888358,
              0.0000015950319607327401,
              -2.058145858185867e-7,
              1
            ]
          }
        }
      }
    },
    {
      "rotation": [
        -0.0068000461502830956,
        0.007385200269816207,
        -0.1894814115669414,
        0.9818329727456174
      ],
      "translation": [
        2.945004527888358,
        0.0000015950319607327401,
        -2.058145858185867e-7
      ],
      "scale": [
        0.9999999999999998,
        0.9999999999999999,
        1
      ],
      "name": "indexFinger_03_l",
      "extras": {
        "transformData": {
          "inheritType": 1,
          "eulerOrder": "ZYX",
          "translation": [
            2.945004527888358,
            0.0000015950319607327401,
            -2.058145858185867e-7
          ],
          "preRotation": [
            -2.9133198659924266,
            -0.9097649472420914,
            -95.55248175159738
          ],
          "postRotation": [
            0,
            0,
            -89.03775862726515
          ],
          "parentMatrixWorld": {
            "elements": [
              0.8847679998581613,
              -0.4658260701137706,
              -0.0138441910418955,
              0,
              0.4657927069804804,
              0.8848752456246621,
              -0.005740783756872543,
              0,
              0.0149245886724003,
              -0.0013692613729058038,
              0.9998876845821122,
              0,
              3.1799407084748808,
              -0.0000018133527674990546,
              2.308931090766464e-7,
              1
            ]
          }
        }
      },
      "children": [
        10
      ]
    },
    {
      "rotation": [
        -0.001125794318123522,
        0.007408798559625052,
        -0.239918965016987,
        0.9707640004910507
      ],
      "translation": [
        3.1799407084748808,
        -0.0000018133527674990546,
        2.308931090766464e-7
      ],
      "scale": [
        1,
        1,
        0.9999999999999999
      ],
      "name": "indexFinger_02_l",
      "extras": {
        "transformData": {
          "inheritType": 1,
          "eulerOrder": "ZYX",
          "translation": [
            3.1799407084748808,
            -0.0000018133527674990546,
            2.308931090766464e-7
          ],
          "preRotation": [
            -1.2169326869410113,
            -0.22747727265611867,
            -100.09781477639886
          ],
          "postRotation": [
            0,
            0,
            -88.81355212537066
          ],
          "parentMatrixWorld": {
            "elements": [
              0.7328565249774173,
              -0.6273643754914463,
              -0.26331586492172143,
              0,
              0.5951485080469193,
              0.7786474653788134,
              -0.19876209448604726,
              0,
              0.32972648926765447,
              -0.011047949999069231,
              0.9440118553794865,
              0,
              8.076070244041674,
              0.30971263283169037,
              2.0761200160914655,
              1
            ]
          }
        }
      },
      "children": [
        11
      ]
    },
    {
      "rotation": [
        -0.050490603628589856,
        0.15951417258500072,
        -0.32882665076878115,
        0.9294508829197605
      ],
      "translation": [
        8.076070244041674,
        0.30971263283169037,
        2.0761200160914655
      ],
      "name": "indexFinger_01_l",
      "extras": {
        "transformData": {
          "inheritType": 1,
          "eulerOrder": "ZYX",
          "translation": [
            8.076070244041674,
            0.30971263283169037,
            2.0761200160914655
          ],
          "preRotation": [
            7.54454061948271,
            0.08405544453108699,
            -90.63462547748163
          ],
          "postRotation": [
            0,
            0,
            -90.1516430303867
          ],
          "parentMatrixWorld": {
            "elements": [
              0.699233549749061,
              -0.33282937125150375,
              0.6326903165466291,
              0,
              0.21968002815395712,
              0.9422278891823781,
              0.252878008189341,
              0,
              -0.6803036911922659,
              -0.037831355088874336,
              0.7319533196623385,
              0,
              14.811464986590966,
              0.35030133360895377,
              -0.044094974891249805,
              1
            ]
          }
        }
      },
      "children": [
        12
      ]
    },
    {
      "rotation": [
        -0.01585912576127364,
        -0.1264576971397038,
        0.9762891873483674,
        0.1749753172046712
      ],
      "translation": [
        2.33292425758194,
        0.0000022103369872183976,
        4.2991598014907595e-7
      ],
      "scale": [
        1,
        0.9999999999999999,
        0.9999999999999998
      ],
      "name": "finger_04_l",
      "extras": {
        "transformData": {
          "inheritType": 1,
          "eulerOrder": "ZYX",
          "translation": [
            2.33292425758194,
            0.0000022103369872183976,
            4.2991598014907595e-7
          ],
          "preRotation": [
            0.1791761294272457,
            4.433954136202045,
            -90.09395203657532
          ],
          "postRotation": [
            -10.40031015477424,
            0.5970492534885211,
            -110.12937207121998
          ],
          "parentMatrixWorld": {
            "elements": [
              0.9145112742442119,
              -0.40451755898398645,
              -0.005888805474715817,
              0,
              0.4040321767028018,
              0.913964020395422,
              -0.03778589571334537,
              0,
              0.020667214255383724,
              0.03217636088343302,
              0.9992685065045379,
              0,
              2.729159368875557,
              -0.000005803996316444682,
              -1.5778689776979604e-7,
              1
            ]
          }
        }
      }
    },
    {
      "rotation": [
        -0.017879788479258096,
        0.006786745292704705,
        -0.2066356768958981,
        0.9782310439234208
      ],
      "translation": [
        2.729159368875557,
        -0.000005803996316444682,
        -1.5778689776979604e-7
      ],
      "name": "finger_03_l",
      "extras": {
        "transformData": {
          "inheritType": 1,
          "eulerOrder": "ZYX",
          "translation": [
            2.729159368875557,
            -0.000005803996316444682,
            -1.5778689776979604e-7
          ],
          "preRotation": [
            -2.851573577978456,
            7.966604562574689,
            -10.84381674112682
          ],
          "parentMatrixWorld": {
            "elements": [
              0.8614150039802223,
              -0.5078018565055765,
              -0.010072924907974864,
              0,
              0.5078479383051203,
              0.861443020083469,
              0.0025284536773789914,
              0,
              0.007393297366569855,
              -0.007293562109821444,
              0.9999460700983653,
              0,
              3.300488824674794,
              0.000005790680148720639,
              -2.3344335642327962e-7,
              1
            ]
          }
        }
      },
      "children": [
        14
      ]
    },
    {
      "rotation": [
        0.0025452798661424127,
        0.004526201632754473,
        -0.263195766509776,
        0.9647284683556755
      ],
      "translation": [
        3.300488824674794,
        0.000005790680148720639,
        -2.3344335642327962e-7
      ],
      "name": "finger_02_l",
      "extras": {
        "transformData": {
          "inheritType": 1,
          "eulerOrder": "ZYX",
          "translation": [
            3.300488824674794,
            0.000005790680148720639,
            -2.3344335642327962e-7
          ],
          "preRotation": [
            2.228671973324868,
            0.3378305179607646,
            -92.12880376345264
          ],
          "postRotation": [
            0,
            0,
            -89.69743384551714
          ],
          "parentMatrixWorld": {
            "elements": [
              0.7194465323754986,
              -0.6442408624561198,
              -0.259519522677135,
              0,
              0.6142676120979459,
              0.7645862433807358,
              -0.19514908177415194,
              0,
              0.324148071467748,
              -0.01901511324190236,
              0.9458152304916769,
              0,
              7.754445488182363,
              -0.09007527000098037,
              -2.550505760199377,
              1
            ]
          }
        }
      },
      "children": [
        15
      ]
    },
    {
      "rotation": [
        -0.04755275623737755,
        0.157578933009429,
        -0.33977288544535245,
        0.9259924264589962
      ],
      "translation": [
        7.754445488182363,
        -0.09007527000098037,
        -2.550505760199377
      ],
      "scale": [
        1,
        0.9999999999999999,
        1
      ],
      "name": "finger_01_l",
      "extras": {
        "transformData": {
          "inheritType": 1,
          "eulerOrder": "ZYX",
          "translation": [
            7.754445488182363,
            -0.09007527000098037,
            -2.550505760199377
          ],
          "preRotation": [
            -5.016601058294677,
            -0.4637591805968812,
            -95.26820617016406
          ],
          "postRotation": [
            0,
            0,
            -88.80216513664728
          ],
          "parentMatrixWorld": {
            "elements": [
              0.699233549749061,
              -0.33282937125150375,
              0.6326903165466291,
              0,
              0.21968002815395712,
              0.9422278891823781,
              0.252878008189341,
              0,
              -0.6803036911922659,
              -0.037831355088874336,
              0.7319533196623385,
              0,
              14.811464986590966,
              0.35030133360895377,
              -0.044094974891249805,
              1
            ]
          }
        }
      },
      "children": [
        16
      ]
    },
    {
      "rotation": [
        0.07913965646934591,
        -0.3574356654598764,
        -0.15040934207264117,
        0.9183428897964045
      ],
      "translation": [
        14.811464986590966,
        0.35030133360895377,
        -0.044094974891249805
      ],
      "scale": [
        0.9999999999999999,
        0.9999999999999999,
        1
      ],
      "name": "Hand_L",
      "extras": {
        "transformData": {
          "inheritType": 1,
          "eulerOrder": "ZYX",
          "translation": [
            14.811464986590966,
            0.35030133360895377,
            -0.044094974891249805
          ],
          "preRotation": [
            -4.106761778987333,
            -0.012987011210075724,
            -90.18087821539032
          ],
          "postRotation": [
            0,
            0,
            -90.18134384660799
          ],
          "parentMatrixWorld": {
            "elements": [
              0.7284322836431861,
              0.012831553533889714,
              0.6849976301266343,
              0,
              -0.032724949816576,
              0.9993350315528743,
              0.016080185191051408,
              0,
              -0.684335794551696,
              -0.03412983929324674,
              0.7283678111109066,
              0,
              19.590557358770432,
              0.981913518548069,
              -0.311154355418068,
              1
            ]
          }
        }
      },
      "children": [
        9,
        13,
        17
      ]
    },
    {
      "rotation": [
        0.013504082525343186,
        -0.3682848546976856,
        0.01225250907820508,
        0.929534168464772
      ],
      "translation": [
        19.590557358770432,
        0.981913518548069,
        -0.311154355418068
      ],
      "scale": [
        0.9999999999999999,
        0.9999999999999999,
        1
      ],
      "name": "lowerarm_l",
      "extras": {
        "transformData": {
          "inheritType": 1,
          "eulerOrder": "ZYX",
          "translation": [
            19.590557358770432,
            0.981913518548069,
            -0.311154355418068
          ],
          "preRotation": [
            4.674797687032443,
            0.020182539194905487,
            -85.51441482208458
          ],
          "postRotation": [
            0,
            0,
            -90.24763663209535
          ],
          "parentMatrixWorld": {
            "elements": [
              0.203823670822978,
              -0.38060928682715683,
              0.9019936040612595,
              0,
              0.050739352544395266,
              0.924203237836895,
              0.37851537795664847,
              0,
              -0.9776918784002825,
              -0.03138381791962058,
              0.20768636632021042,
              0,
              6.82825884358124,
              -0.35110721219173513,
              -2.1967894129108796,
              1
            ]
          }
        }
      },
      "children": [
        18
      ]
    },
    {
      "rotation": [
        0.1341026348229899,
        -0.6149579661842154,
        -0.14112003548427973,
        0.7641520176268713
      ],
      "translation": [
        6.82825884358124,
        -0.35110721219173513,
        -2.1967894129108796
      ],
      "scale": [
        0.9999999999999999,
        1,
        1
      ],
      "name": "UpperArm_L",
      "extras": {
        "transformData": {
          "inheritType": 1,
          "eulerOrder": "ZYX",
          "translation": [
            6.82825884358124,
            -0.35110721219173513,
            -2.1967894129108796
          ],
          "preRotation": [
            27.39033567720693,
            1.6201056048930096,
            -92.37936412092719
          ],
          "postRotation": [
            0,
            0,
            -88.78569852680305
          ],
          "parentMatrixWorld": {
            "elements": [
              -0.02552438476508767,
              0.33001348060907776,
              -0.9436310677174282,
              0,
              0.9979949845917901,
              0.06310089091061598,
              -0.004926791988009437,
              0,
              0.05791804619359841,
              -0.9418648338089403,
              -0.33096240485363054,
              0,
              4.519994057313156,
              -4.213908450441211,
              -8.830449973175607,
              1
            ]
          }
        }
      },
      "children": [
        19
      ]
    },
    {
      "rotation": [
        0.557300890268876,
        0.5957322554070189,
        -0.3973226299246121,
        0.42030169796108474
      ],
      "translation": [
        4.519994057313156,
        -4.213908450441211,
        -8.830449973175607
      ],
      "scale": [
        1,
        0.9999999999999998,
        0.9999999999999999
      ],
      "name": "clavicle_l",
      "extras": {
        "transformData": {
          "inheritType": 1,
          "eulerOrder": "ZYX",
          "translation": [
            4.519994057313156,
            -4.213908450441211,
            -8.830449973175607
          ],
          "preRotation": [
            61.3397046487897,
            180.56463337368692,
            3.463815275239945
          ],
          "postRotation": [
            -0.6628587118438318,
            1.0532709900940094,
            -89.33552886131008
          ],
          "parentMatrixWorld": {
            "elements": [
              0.966894033532114,
              0.2537293247471831,
              0.0271543179676147,
              0,
              0.25381642705379187,
              -0.9672523553222915,
              0.0002468632746871453,
              0,
              0.026327715027988724,
              0.006653521411082115,
              -0.9996312019194324,
              0,
              9.265973823908169,
              1.6740983393724997,
              -0.00015461391499686523,
              1
            ]
          }
        }
      },
      "children": [
        20
      ]
    },
    {
      "rotation": [
        0.6558122554711536,
        -0.5646366856025128,
        -0.42982412686615046,
        0.2575789564568483
      ],
      "translation": [
        -4.400799577493167,
        -0.036011189828016654,
        -0.02585413844414397
      ],
      "name": "thumb_03_r",
      "extras": {
        "transformData": {
          "inheritType": 1,
          "eulerOrder": "ZYX",
          "translation": [
            -4.400799577493167,
            -0.036011189828016654,
            -0.02585413844414397
          ],
          "preRotation": [
            23.47861867267161,
            92.05567242228578,
            110.68389894468574
          ],
          "postRotation": [
            -66.62123430159025,
            72.12227404829527,
            -6.670159163042163
          ],
          "parentMatrixWorld": {
            "elements": [
              0.9410595928344948,
              -0.09327115214696313,
              -0.3251266477124295,
              0,
              0.046032332413110666,
              0.9876013946904257,
              -0.15008167785772408,
              0,
              0.3350938215606982,
              0.1262694651654106,
              0.9336852549590655,
              0,
              -4.948072291820981,
              -0.047147858633053374,
              -0.03181211688012553,
              1
            ]
          }
        }
      }
    },
    {
      "rotation": [
        -0.0703081488609314,
        0.16797064244747162,
        -0.03544103354215622,
        0.982642650604248
      ],
      "translation": [
        -4.948072291820981,
        -0.047147858633053374,
        -0.03181211688012553
      ],
      "name": "thumb_02_r",
      "extras": {
        "transformData": {
          "inheritType": 1,
          "eulerOrder": "ZYX",
          "translation": [
            -4.948072291820981,
            -0.047147858633053374,
            -0.03181211688012553
          ],
          "preRotation": [
            118.85873711155061,
            75.5569009676035,
            -168.376568582679
          ],
          "postRotation": [
            179.9999999999789,
            89.68819291704148,
            -90.8564598208686
          ],
          "parentMatrixWorld": {
            "elements": [
              0.934713889892433,
              -0.35394716389157477,
              -0.03211454756773169,
              0,
              0.35533533261184486,
              0.9289795175221015,
              0.10360430458576518,
              0,
              -0.006836694376589958,
              -0.10825181617035906,
              0.9940999967052928,
              0,
              -2.7093507479433896,
              0.8616875278839586,
              -3.527701982381967,
              1
            ]
          }
        }
      },
      "children": [
        22
      ]
    },
    {
      "rotation": [
        0.053931381553411484,
        0.006434883922338486,
        -0.18055926263332367,
        0.9820632934570312
      ],
      "translation": [
        -2.7093507479433896,
        0.8616875278839586,
        -3.527701982381967
      ],
      "scale": [
        1,
        0.9999999999999999,
        1
      ],
      "name": "thumb_01_r",
      "extras": {
        "transformData": {
          "inheritType": 1,
          "eulerOrder": "ZYX",
          "translation": [
            -2.7093507479433896,
            0.8616875278839586,
            -3.527701982381967
          ],
          "preRotation": [
            -80.27948331280098,
            59.44493496020161,
            1.2113317466432652
          ],
          "postRotation": [
            79.13078398144155,
            88.16010730401086,
            170.96150907469746
          ],
          "parentMatrixWorld": {
            "elements": [
              0.6166258605985852,
              -0.4371987150492909,
              0.654698267385759,
              0,
              0.5515935852879934,
              0.8332943769842002,
              0.03694581822720879,
              0,
              -0.5617090478422109,
              0.3383456226620788,
              0.7549868731482471,
              0,
              -14.811573014920924,
              -0.34368930077877735,
              -0.05773151951594535,
              1
            ]
          }
        }
      },
      "children": [
        23
      ]
    },
    {
      "rotation": [
        -0.025223308117824767,
        -0.03538423447436318,
        0.9827196759767545,
        0.17992714949778815
      ],
      "translation": [
        -2.9351869592426603,
        -0.06946568317520985,
        -0.02906333555099927
      ],
      "scale": [
        1,
        1,
        1.0000000000000002
      ],
      "name": "indexFinger_04_r",
      "extras": {
        "transformData": {
          "inheritType": 1,
          "eulerOrder": "ZYX",
          "translation": [
            -2.9351869592426603,
            -0.06946568317520985,
            -0.02906333555099927
          ],
          "preRotation": [
            -1.852743247530072,
            1.0914296357857016,
            88.74154180705422
          ],
          "postRotation": [
            -4.91954398338946,
            1.5902773407317588e-15,
            70.399263087205
          ],
          "parentMatrixWorld": {
            "elements": [
              0.9394308156497255,
              -0.3425653094697133,
              -0.010897387854656042,
              0,
              0.3424279269017493,
              0.9394582040757453,
              -0.012704305499232009,
              0,
              0.014589694715981656,
              0.008203246209097875,
              0.9998599139697891,
              0,
              -2.9443649208365983,
              -0.05533825796415215,
              -0.026543538534782307,
              1
            ]
          }
        }
      }
    },
    {
      "rotation": [
        -0.005307956390907935,
        0.006470596113007115,
        -0.1739043517600395,
        0.9847269913587973
      ],
      "translation": [
        -2.9443649208365983,
        -0.05533825796415215,
        -0.026543538534782307
      ],
      "name": "indexFinger_03_r",
      "extras": {
        "transformData": {
          "inheritType": 1,
          "eulerOrder": "ZYX",
          "translation": [
            -2.9443649208365983,
            -0.05533825796415215,
            -0.026543538534782307
          ],
          "preRotation": [
            2.9189904040927868,
            0.8913888381535181,
            84.80829832648529
          ],
          "postRotation": [
            0,
            0,
            91.32344462592421
          ],
          "parentMatrixWorld": {
            "elements": [
              0.8648008536185754,
              -0.5018966291300749,
              -0.014807278727354599,
              0,
              0.5019057915405524,
              0.8649157678888357,
              -0.00335993030561415,
              0,
              0.014493386543287799,
              -0.004526188404717211,
              0.9998847210371523,
              0,
              -3.179547694218222,
              -0.043494416600665886,
              -0.024649651827369112,
              1
            ]
          }
        }
      },
      "children": [
        25
      ]
    },
    {
      "rotation": [
        0.0003019489142556865,
        0.007586060128751952,
        -0.2598884854748961,
        0.9656087868190579
      ],
      "translation": [
        -3.179547694218222,
        -0.043494416600665886,
        -0.024649651827369112
      ],
      "name": "indexFinger_02_r",
      "extras": {
        "transformData": {
          "inheritType": 1,
          "eulerOrder": "ZYX",
          "translation": [
            -3.179547694218222,
            -0.043494416600665886,
            -0.024649651827369112
          ],
          "preRotation": [
            1.2174729971316556,
            0.22456710419589843,
            80.0391521273544
          ],
          "postRotation": [
            0,
            0,
            91.32344462592421
          ],
          "parentMatrixWorld": {
            "elements": [
              0.7556233211925978,
              -0.5986624875775345,
              -0.2657755241767892,
              0,
              0.5687229768244282,
              0.800942686765147,
              -0.1872030814378401,
              0,
              0.3249424240014369,
              -0.009697630398197139,
              0.9456840796816098,
              0,
              -8.057342691302757,
              -0.386115206490814,
              -2.135252514007475,
              1
            ]
          }
        }
      },
      "children": [
        26
      ]
    },
    {
      "rotation": [
        -0.04742508499159796,
        0.15782528781134772,
        -0.3118966462323156,
        0.9357149864417249
      ],
      "translation": [
        -8.057342691302757,
        -0.386115206490814,
        -2.135252514007475
      ],
      "scale": [
        0.9999999999999998,
        1,
        0.9999999999999999
      ],
      "name": "indexFinger_01_r",
      "extras": {
        "transformData": {
          "inheritType": 1,
          "eulerOrder": "ZYX",
          "translation": [
            -8.057342691302757,
            -0.386115206490814,
            -2.135252514007475
          ],
          "preRotation": [
            -7.544214300842198,
            0.1096253155625292,
            90.82769237432744
          ],
          "postRotation": [
            0,
            0,
            91.32344462592421
          ],
          "parentMatrixWorld": {
            "elements": [
              0.6166258605985852,
              -0.4371987150492909,
              0.654698267385759,
              0,
              0.5515935852879934,
              0.8332943769842002,
              0.03694581822720879,
              0,
              -0.5617090478422109,
              0.3383456226620788,
              0.7549868731482471,
              0,
              -14.811573014920924,
              -0.34368930077877735,
              -0.05773151951594535,
              1
            ]
          }
        }
      },
      "children": [
        27
      ]
